13.146
6.537
11.240
16.746
12.755
11.241
16.958
19.935
9.927
16.319
19.239
19.993
17.167
11.578
10.537
19.502
15.994
17.989
7.658
14.683
12.588
10.292
13.503
15.983
19.993
16.399
18.503
11.096
18.735
11.789
13.984
16.073
16.198
18.302
19.303
16.673
17.660
19.140
14.880
18.835
18.108
18.259
15.940
14.821
12.651
18.327
18.426
19.993
18.362
13.941
18.752
14.265
13.919
16.680
15.306
12.655
10.221
12.316
12.901
12.899
14.525
18.841
19.752
17.217
16.209
16.709
16.404
16.275
19.648
18.526
15.274
11.884
12.690
17.788
14.608
18.226
15.884
18.365
17.913
18.700
14.527
19.984
19.993
10.089
11.123
14.184
14.409
11.407
16.556
17.650
19.993
19.916
14.441
16.304
14.819
16.933
15.232
19.993
6.330
9.180
18.579
12.796
17.750
14.690
13.260
13.367
17.285
19.993
9.473
7.488
9.938
19.993
19.224
19.385
19.293
15.829
18.803
9.244
15.954
17.193
17.309
19.993
17.595
18.913
17.196
17.212
17.271
16.601
13.807
12.845
18.512
19.993
16.567
15.242
15.566
16.015
16.291
16.492
16.046
19.116
12.433
19.993
16.532
16.151
17.003
18.223
15.268
19.871
