14.549
16.190
13.109
13.462
15.523
16.090
13.540
15.217
13.046
15.453
13.905
14.126
14.367
13.351
13.629
13.213
13.968
14.509
14.622
15.176
15.827
14.470
15.050
14.008
14.951
13.391
14.623
16.570
14.753
16.496
16.029
14.554
15.772
15.762
16.151
13.667
14.140
15.011
16.232
14.217
13.956
13.090
13.383
14.480
15.308
15.447
15.821
16.143
15.468
17.176
14.848
14.497
15.878
16.312
15.412
13.999
15.720
14.520
14.409
13.224
15.466
14.848
14.320
15.610
15.142
14.938
13.355
14.433
14.399
14.723
14.390
16.038
15.063
14.312
15.426
14.426
15.460
14.118
14.458
15.289
16.428
16.483
16.395
14.789
16.655
13.620
12.768
13.499
15.306
14.688
16.166
15.507
15.005
13.593
17.179
17.509
17.487
16.461
17.100
16.721
15.811
15.720
16.603
14.933
14.119
15.618
15.971
16.017
15.249
14.980
17.549
16.297
17.915
14.744
14.066
16.721
13.472
12.876
15.185
12.816
11.046
13.364
13.533
14.352
13.852
13.329
15.433
13.440
15.776
14.984
14.240
13.620
16.035
16.847
14.059
16.518
16.909
14.824
14.732
14.934
14.212
15.732
17.052
15.740
16.856
15.940
14.592
