11.556
16.128
14.053
14.656
12.330
13.948
18.135
13.708
14.456
18.812
11.650
19.993
12.710
8.567
17.050
12.282
12.457
12.110
13.257
14.782
14.406
14.308
10.397
11.928
11.333
19.993
19.048
19.993
14.583
16.603
14.789
15.329
15.127
15.958
12.746
19.993
19.069
16.902
18.986
17.587
16.323
17.131
16.439
15.462
12.518
13.107
13.328
14.106
14.201
11.612
14.105
15.529
16.054
14.116
19.993
19.993
15.614
14.794
17.334
17.090
16.327
16.207
17.589
14.587
9.617
19.614
16.549
12.262
10.686
13.060
12.735
12.212
19.465
16.010
15.494
16.432
13.620
13.910
12.965
15.326
15.301
14.692
13.362
12.555
13.575
12.531
8.524
6.610
6.680
9.548
12.730
14.850
12.738
14.692
13.661
16.218
15.168
16.725
16.094
16.831
15.278
15.654
15.074
16.002
15.318
15.488
16.547
13.857
13.776
15.687
16.639
15.295
14.940
14.819
17.532
16.785
15.092
11.767
19.993
14.206
7.486
8.258
11.481
11.624
10.239
10.119
12.372
16.608
13.918
14.374
14.750
13.730
17.425
16.605
17.405
14.472
14.864
13.893
