16.308
15.400
14.441
16.689
16.038
17.534
15.634
15.894
16.764
10.396
13.393
14.140
13.430
14.298
12.903
15.299
14.439
15.150
14.839
14.188
15.665
15.042
15.024
18.565
18.324
15.187
15.221
13.822
15.148
14.837
16.107
14.634
14.136
13.767
10.309
14.421
15.011
15.677
15.691
15.255
16.386
16.235
15.183
14.929
16.505
19.714
16.487
18.261
16.668
16.851
17.353
17.923
13.872
14.019
19.110
15.626
17.378
13.276
15.133
15.624
14.365
16.263
15.533
16.291
16.224
15.884
18.621
17.069
15.776
16.377
18.049
15.687
16.023
18.381
17.884
14.794
15.412
14.367
13.144
12.924
14.010
15.182
15.833
16.340
16.230
16.086
16.863
16.874
14.951
15.811
15.899
13.916
14.744
14.729
15.044
14.335
15.301
13.843
16.141
15.033
16.073
15.100
15.059
15.035
15.855
15.590
14.533
14.573
14.399
16.046
14.357
15.284
14.686
14.520
14.438
13.609
12.984
14.608
15.748
15.663
15.306
15.018
15.927
19.536
19.514
13.460
12.483
13.145
14.072
15.490
14.034
14.692
14.384
14.752
15.612
16.594
13.791
14.692
15.135
14.467
14.821
14.993
11.562
15.503
14.365
9.175
19.993
15.354
13.631
14.105
