8.222
19.993
19.215
13.204
9.932
6.598
12.991
15.248
12.176
10.283
12.481
12.293
10.842
12.908
9.590
12.329
16.088
12.800
9.311
14.379
14.037
12.400
11.015
9.131
12.903
10.000
9.798
9.320
9.749
8.787
18.132
13.332
10.500
13.142
9.504
10.695
10.581
11.131
9.152
12.445
10.901
12.503
11.646
12.939
19.993
12.295
19.916
19.296
17.691
12.525
11.635
18.712
13.713
13.249
14.323
14.433
11.939
12.886
11.118
12.912
12.318
10.898
9.088
10.455
11.807
16.951
7.199
19.993
10.905
12.115
9.429
9.608
10.978
11.530
12.487
12.503
10.198
10.253
11.830
13.685
10.029
9.233
10.353
10.397
10.732
11.214
13.281
12.205
8.996
7.105
14.618
8.821
12.021
18.873
9.047
10.456
11.400
19.993
19.993
18.786
10.820
13.889
9.948
11.186
9.815
11.344
10.938
8.230
8.832
11.831
9.943
13.623
16.351
11.054
10.015
