19.558
15.677
16.610
17.368
17.088
12.361
15.289
18.752
17.752
13.538
14.285
16.130
14.137
14.862
14.076
17.822
14.699
16.487
11.921
9.298
12.988
13.270
14.713
15.100
10.751
9.679
11.228
12.658
9.245
11.851
14.672
8.340
10.107
15.851
9.517
9.320
9.728
8.884
12.851
8.049
8.690
12.283
8.342
11.251
9.661
13.932
11.809
9.669
6.810
8.566
12.651
11.156
6.194
7.002
10.744
11.872
8.766
6.305
7.465
6.835
6.849
10.516
18.717
12.436
9.505
13.346
19.993
9.874
10.749
7.566
11.386
11.615
11.336
6.909
10.718
9.683
9.705
10.227
11.485
8.049
18.604
10.820
11.942
9.824
10.370
11.566
11.200
12.875
12.662
17.783
19.993
9.516
9.923
8.814
11.702
12.612
8.701
9.635
12.577
14.332
9.734
11.505
19.993
9.686
12.306
14.533
12.090
12.046
10.859
