10.666
9.611
9.398
7.223
7.657
10.076
10.802
8.765
8.854
8.935
9.644
9.711
9.009
7.693
8.870
8.015
8.511
7.766
7.640
8.159
8.753
9.354
7.475
7.607
8.682
8.219
9.247
11.553
9.825
8.791
9.146
9.779
9.630
8.950
7.914
7.338
9.660
9.357
10.218
8.635
8.379
7.613
7.093
7.896
7.404
7.926
8.435
10.174
7.694
8.289
8.438
7.149
6.871
7.472
7.381
7.731
8.520
8.111
8.358
8.003
7.087
8.545
8.732
10.151
9.908
6.943
11.508
11.088
8.365
10.181
11.771
16.120
9.966
9.920
10.879
9.745
6.162
10.787
12.967
13.659
8.446
8.994
6.139
9.845
12.724
12.143
6.809
