19.227
7.540
19.993
14.539
14.956
19.993
19.993
16.299
11.902
10.864
14.936
19.360
19.893
14.487
11.176
16.077
13.520
15.268
15.800
16.228
17.739
11.607
12.797
14.121
13.154
16.351
17.241
15.750
10.108
9.849
14.152
13.010
17.534
9.820
9.009
15.948
11.790
13.905
17.457
16.527
16.909
17.036
15.270
12.659
17.376
11.196
10.956
16.543
14.048
16.327
11.216
10.242
14.027
17.642
19.993
17.041
13.463
19.993
13.779
7.687
8.886
16.023
16.898
19.993
17.954
19.794
19.993
14.575
16.805
16.755
16.143
19.993
10.431
9.313
14.293
12.563
16.730
19.990
12.422
12.487
15.172
17.905
6.242
11.430
19.993
18.951
15.897
16.958
15.263
8.135
16.044
11.913
18.832
19.993
15.805
17.729
15.952
16.492
15.819
19.993
19.203
14.938
11.946
15.026
14.835
17.973
17.012
14.298
14.971
18.412
14.830
12.706
10.331
19.993
18.145
16.109
15.790
19.993
19.993
18.108
17.388
18.500
19.993
19.993
17.155
19.993
19.993
19.993
19.561
19.993
19.993
17.721
18.026
12.235
19.993
19.993
12.326
16.919
10.683
19.730
14.669
19.993
14.559
12.105
11.210
17.472
