13.018
18.598
15.395
14.721
13.416
13.475
13.972
12.503
13.913
13.381
14.257
13.330
13.383
13.362
13.039
13.342
12.760
13.509
14.564
12.797
12.446
13.600
13.027
14.224
15.015
15.451
15.272
15.558
17.850
19.756
14.540
14.445
13.855
14.864
14.627
14.528
13.483
13.457
14.196
14.869
15.308
15.410
15.168
15.383
15.157
14.902
14.472
15.519
16.434
16.664
17.385
15.833
14.087
14.900
14.542
15.545
16.284
15.969
15.523
12.773
16.610
15.963
16.576
17.393
13.765
14.250
14.280
13.521
12.808
13.455
12.020
13.475
13.708
12.954
14.615
16.254
12.585
13.233
16.762
14.602
14.035
14.942
12.198
13.527
16.596
15.677
16.044
18.646
15.182
14.663
15.961
14.401
13.491
12.568
13.652
14.577
14.434
15.482
15.543
19.520
15.784
19.909
19.993
17.602
17.517
19.993
19.993
17.785
16.284
17.098
14.489
13.267
12.781
15.441
17.086
16.252
13.088
12.207
13.430
14.866
14.042
15.398
15.772
13.869
13.684
11.973
16.534
16.271
17.615
12.748
10.589
17.172
15.018
16.399
16.401
15.064
16.445
13.747
14.353
12.759
13.457
15.174
12.648
14.923
14.337
14.875
