17.341
11.520
18.215
12.393
13.540
11.784
11.075
10.650
18.159
12.781
16.373
12.325
19.084
19.993
15.335
10.370
15.215
19.727
19.993
12.361
10.123
10.197
8.913
9.126
11.526
9.556
11.474
9.259
12.015
12.864
11.219
8.087
10.011
9.077
9.355
14.677
16.454
15.373
14.272
9.289
13.169
14.460
13.638
8.679
10.787
11.202
14.933
17.610
12.642
14.472
17.164
11.062
12.977
16.071
19.677
19.993
19.406
13.919
15.120
16.474
12.787
17.529
12.158
19.993
15.732
10.099
19.633
12.634
19.823
14.769
8.056
11.952
9.462
10.697
9.525
11.664
7.649
12.832
12.812
13.032
18.178
11.662
13.177
16.587
16.993
10.310
18.663
12.415
19.993
19.993
18.288
19.579
11.091
18.278
18.087
14.463
17.539
16.655
19.993
11.797
19.993
19.964
19.471
19.993
19.993
12.415
18.780
12.012
17.300
18.783
15.127
19.993
17.931
18.071
19.327
11.168
18.775
18.031
13.883
19.993
16.301
13.103
15.853
18.652
12.952
10.439
11.670
12.931
14.118
11.157
15.005
10.040
15.602
11.425
