19.993
19.993
19.993
11.146
19.993
11.839
18.459
15.979
10.329
19.051
19.740
19.993
19.993
19.993
19.993
12.262
13.313
19.993
19.993
11.432
12.116
19.351
19.993
11.899
13.123
19.993
8.991
15.790
17.169
10.509
19.993
11.664
16.461
18.887
19.775
12.824
19.951
18.520
12.864
11.509
19.993
18.635
19.993
17.440
19.993
11.066
11.418
16.655
18.007
16.059
18.332
19.993
19.993
18.596
10.472
19.880
12.603
19.993
11.838
18.896
19.993
19.993
19.993
11.778
19.449
19.993
11.872
19.775
19.993
19.993
19.993
19.993
19.993
10.791
17.905
18.757
17.393
19.330
19.958
19.993
8.939
18.545
18.752
17.755
19.993
11.509
18.729
19.993
16.689
19.993
19.993
19.993
19.993
19.993
19.993
19.993
19.993
11.996
19.993
9.732
9.956
17.569
15.800
17.258
11.534
11.981
19.993
8.516
13.444
19.993
19.993
19.993
11.798
14.479
19.993
19.993
12.832
13.403
19.623
11.590
19.993
16.619
18.335
18.644
19.449
18.573
18.250
19.993
17.709
14.873
11.867
18.587
12.371
9.389
13.653
19.149
19.203
19.495
18.302
19.993
19.993
19.993
19.993
13.566
18.568
19.993
19.993
19.993
11.822
19.993
19.993
13.389
16.408
19.993
12.336
9.718
18.590
19.993
19.993
