16.759
10.787
8.967
6.724
8.776
8.844
7.551
7.903
8.800
7.255
7.049
5.803
14.528
10.653
5.719
9.104
7.240
5.816
5.990
6.556
7.529
7.884
7.983
7.176
7.638
6.933
7.391
8.890
7.609
8.275
6.805
7.188
7.375
6.933
6.562
10.189
10.519
7.660
10.677
9.125
7.599
8.150
9.015
12.796
17.210
12.978
10.267
16.207
12.490
7.502
6.741
7.761
6.819
7.031
6.956
6.615
5.640
6.121
6.861
6.707
7.446
9.756
9.793
18.500
19.164
10.642
7.890
7.284
10.057
8.464
8.486
6.543
8.084
8.498
7.120
7.551
6.002
9.698
7.740
8.354
