14.686
13.609
17.711
13.813
13.438
12.610
12.373
13.223
13.625
14.064
17.086
14.224
13.368
14.048
15.498
14.239
15.531
14.005
13.088
13.740
15.261
14.229
17.275
14.158
15.971
14.027
14.927
13.269
13.505
13.496
12.049
13.871
13.548
14.092
15.443
13.210
14.417
14.783
15.697
18.838
16.267
16.077
18.523
19.993
19.296
15.642
14.297
14.599
13.168
13.109
12.872
15.397
15.661
15.923
15.303
14.397
14.753
13.894
13.757
12.114
13.194
19.342
19.993
17.069
13.776
16.183
16.459
14.604
16.817
10.634
15.431
15.131
15.381
19.465
16.689
16.205
16.769
14.980
16.954
16.678
15.389
15.163
15.927
13.538
12.899
16.080
16.200
14.549
15.185
15.480
14.300
14.755
14.590
14.864
14.860
15.441
14.956
16.576
13.883
19.993
15.708
17.102
13.736
17.648
14.672
14.744
13.292
13.548
16.509
15.229
10.881
12.207
16.284
13.236
13.957
14.079
15.752
16.798
17.229
15.242
15.322
14.034
14.821
12.932
15.843
14.322
14.063
14.568
15.180
17.464
16.417
16.273
16.463
15.272
19.993
16.284
17.410
16.088
16.107
15.948
15.455
15.200
14.741
14.862
15.441
15.675
14.472
16.700
