19.054
18.026
19.993
17.351
14.683
15.379
19.113
19.993
19.993
16.505
15.988
18.829
13.728
17.215
14.092
14.259
14.477
13.121
15.146
15.249
14.250
16.340
16.895
15.242
17.706
15.888
19.437
19.993
19.993
15.521
15.576
18.615
19.855
19.400
19.993
19.526
19.993
19.633
19.993
19.993
19.468
18.523
19.993
17.994
19.993
19.993
12.493
17.822
18.951
8.819
11.891
11.528
14.421
14.194
19.993
18.148
18.321
19.974
19.759
19.278
17.388
19.025
19.993
19.689
18.028
17.455
19.045
18.876
16.103
16.483
16.364
16.356
15.308
19.551
16.608
17.579
19.743
19.993
11.361
9.691
13.765
16.678
16.478
18.351
19.990
19.480
19.993
11.805
18.242
19.990
13.716
17.627
18.720
17.879
16.644
18.624
19.993
19.993
19.993
19.651
17.871
19.993
19.492
18.143
19.993
17.762
17.884
17.577
16.592
14.085
19.993
18.506
16.200
16.412
18.459
19.993
17.981
18.376
16.762
17.329
17.686
19.993
16.284
16.844
15.604
16.993
18.420
18.548
19.025
16.188
19.993
19.446
19.993
19.737
14.891
14.819
19.051
15.356
14.428
19.993
19.993
19.993
19.993
12.042
19.993
19.737
18.587
19.993
19.993
19.993
12.548
15.598
18.899
19.993
11.735
18.598
19.699
19.993
19.993
19.993
19.028
18.278
15.700
14.247
16.481
14.577
16.835
19.197
18.010
15.855
