14.050
12.656
17.620
8.925
8.924
11.644
14.577
11.284
8.087
7.716
11.798
11.034
12.001
14.773
13.065
14.718
15.187
15.572
14.370
13.665
15.890
14.730
16.134
12.980
13.830
19.993
12.435
9.543
10.632
15.295
15.061
14.737
15.642
16.787
17.709
15.876
17.760
14.540
14.630
15.200
15.202
18.778
15.358
16.840
14.000
11.433
10.561
10.194
9.977
17.371
15.488
17.102
17.524
14.752
14.470
15.416
14.307
13.964
15.002
16.558
15.845
7.825
14.594
14.663
16.773
16.084
19.752
15.600
17.534
16.185
16.956
18.978
16.671
13.694
14.064
9.389
17.527
19.993
17.105
15.348
14.480
15.174
16.080
15.638
15.681
17.283
15.451
13.984
16.601
14.914
17.060
12.970
13.637
16.099
18.582
17.632
14.995
16.241
18.740
17.484
15.427
15.756
15.689
14.835
18.137
17.762
17.186
16.192
17.162
18.582
17.290
17.840
15.671
16.046
15.426
16.605
13.570
15.466
15.618
15.314
18.646
18.100
15.159
14.113
10.124
8.159
9.845
11.314
10.299
8.344
13.973
10.302
15.492
14.330
14.996
14.380
12.411
14.392
15.971
16.443
15.337
