11.499
12.396
14.290
15.195
15.667
15.632
16.789
17.767
19.155
17.811
17.798
19.221
17.915
15.549
16.224
17.341
16.284
15.952
17.931
16.188
15.936
18.890
18.316
18.437
19.993
19.993
19.611
18.105
15.293
14.492
13.250
14.729
17.910
15.285
17.440
15.600
14.816
17.003
17.612
18.565
19.137
16.970
17.150
17.499
17.086
19.376
17.001
18.362
19.993
19.019
17.778
18.097
17.492
16.570
19.281
16.771
14.670
15.295
17.899
18.113
18.969
18.568
19.993
19.993
17.095
18.329
18.847
18.986
19.724
19.158
18.661
19.993
16.718
19.455
15.074
15.159
18.850
18.717
16.323
15.521
17.532
15.758
16.269
15.337
14.700
16.632
19.620
19.791
17.645
19.708
19.987
17.305
14.693
15.802
19.629
19.586
15.291
18.829
18.237
19.281
18.153
15.720
19.081
19.993
19.993
17.494
19.993
18.338
16.364
16.282
18.327
18.570
18.343
16.304
17.420
18.481
19.403
18.931
18.500
18.755
16.118
18.514
18.121
16.273
17.109
16.417
19.867
18.934
18.415
18.392
17.029
19.333
19.993
19.993
19.993
19.339
18.161
16.684
18.803
14.965
19.548
18.627
19.993
19.993
19.993
19.993
10.774
19.468
18.213
19.155
19.993
11.376
16.483
19.227
18.925
15.217
17.933
17.290
17.462
18.706
18.065
18.191
19.010
18.896
15.878
17.897
17.512
15.168
14.080
14.374
16.002
