18.240
12.866
12.302
18.010
17.225
17.547
17.098
19.084
18.245
17.765
19.993
19.993
19.993
19.993
19.376
16.840
16.203
17.376
18.023
19.025
19.993
16.893
17.827
16.194
17.755
17.910
16.476
17.126
17.760
17.324
16.965
17.162
16.487
16.421
18.044
17.442
16.675
16.659
17.088
16.430
19.379
17.191
17.894
11.741
19.993
19.680
18.327
17.467
19.874
19.648
19.680
19.564
19.554
18.188
17.157
18.103
17.314
16.545
17.714
16.207
16.004
17.302
17.762
8.894
8.355
13.711
17.172
15.944
11.399
15.007
18.261
16.035
18.178
11.947
16.912
17.430
16.128
17.417
16.168
16.565
14.991
17.642
19.993
17.155
18.272
17.632
17.645
17.871
18.587
18.359
16.549
17.853
19.194
18.140
17.798
16.909
19.611
17.174
14.882
9.519
16.128
19.533
19.623
11.715
19.579
19.458
18.047
19.099
18.175
19.993
18.838
18.299
18.335
16.330
15.182
18.278
18.562
8.636
12.187
19.993
19.993
11.668
19.278
19.582
18.703
17.129
19.036
18.145
19.993
13.849
19.993
14.370
15.927
19.548
9.525
15.320
17.305
16.881
17.334
17.256
17.024
19.290
16.812
18.766
9.647
17.036
19.993
19.756
18.981
17.522
17.405
16.263
18.100
17.263
17.457
18.841
18.559
18.551
16.538
16.260
10.991
16.808
17.297
18.018
16.757
