9.871
12.812
13.223
11.434
13.640
10.322
11.822
10.338
11.471
10.778
10.668
10.565
10.131
9.807
10.524
11.274
10.992
9.940
9.879
9.408
9.210
10.760
9.091
8.328
8.747
11.520
11.434
10.714
9.529
8.946
8.661
8.658
8.604
9.115
9.011
10.683
9.663
9.674
9.342
9.699
10.501
7.989
7.573
7.927
8.082
8.148
9.849
8.106
8.918
10.078
9.730
9.914
11.134
10.655
9.632
10.271
10.577
10.743
10.260
11.495
11.470
11.459
10.291
12.212
11.282
11.789
12.222
11.331
12.393
9.703
9.801
9.238
10.608
9.087
9.721
9.821
8.096
11.082
8.157
9.460
8.987
9.407
11.578
9.380
9.151
10.460
9.605
9.573
9.679
9.340
11.053
13.523
13.796
13.254
11.387
11.136
19.394
19.993
10.869
9.733
