14.554
12.521
10.871
11.639
13.047
13.061
13.582
13.335
13.737
12.965
12.785
12.106
13.846
13.021
11.656
12.339
12.602
13.727
14.116
14.066
14.005
13.860
13.391
13.135
13.594
12.891
12.616
13.182
15.782
14.244
15.005
12.422
14.278
17.083
16.006
15.007
14.873
16.935
15.496
13.380
15.525
14.713
13.408
13.739
16.004
7.479
15.847
19.993
17.064
14.869
16.213
14.723
15.770
12.383
17.770
15.259
14.857
13.251
14.064
12.442
16.301
13.918
16.015
14.571
16.196
16.293
19.993
17.678
14.750
15.366
14.489
15.675
18.615
17.884
16.872
12.759
18.223
15.740
17.954
16.235
19.629
18.343
11.523
14.016
16.789
13.899
15.242
16.926
14.387
16.038
16.991
16.576
14.216
14.234
10.304
6.383
10.249
17.225
9.727
12.042
12.863
15.437
19.819
15.429
17.169
17.850
14.235
16.067
15.927
11.439
12.311
16.481
12.801
12.836
15.087
13.782
13.919
15.293
15.072
13.728
17.038
14.313
15.598
13.868
16.205
15.391
14.737
15.379
18.798
15.866
15.683
14.275
15.600
15.954
15.350
15.936
15.718
15.364
14.821
16.327
13.391
15.862
14.064
