19.455
14.936
13.824
16.061
15.451
14.823
16.190
16.252
10.603
16.590
15.923
15.712
19.993
19.993
16.353
14.494
16.084
16.304
16.327
17.095
19.993
19.993
19.993
16.075
19.993
19.993
16.301
17.994
15.697
19.993
19.993
19.993
19.128
15.552
19.993
16.567
15.886
14.509
18.867
8.238
14.989
12.981
15.217
19.993
18.437
17.804
18.261
18.068
18.089
18.041
19.772
19.993
18.672
18.658
19.993
19.993
19.993
18.365
17.254
17.164
16.687
16.905
16.914
17.557
16.961
19.987
17.724
17.552
17.319
14.399
16.780
16.587
16.718
17.435
19.191
19.670
19.104
18.456
19.366
16.042
19.993
19.993
19.874
19.993
19.993
19.948
18.573
19.993
19.993
19.561
14.515
16.926
19.474
18.812
19.486
14.842
15.954
16.321
19.354
17.237
15.554
15.148
13.664
17.220
15.790
19.561
17.655
16.162
17.853
18.178
17.239
19.182
16.052
16.721
18.506
18.786
19.394
18.055
17.344
19.293
15.580
17.681
16.803
17.464
16.868
17.939
19.816
19.116
10.903
16.120
10.615
6.445
5.122
11.549
8.078
11.414
8.425
8.177
6.979
6.380
3.090
7.166
7.444
5.816
8.376
12.772
13.743
