15.689
12.974
13.816
14.129
15.626
15.059
15.728
15.843
16.432
15.443
14.973
16.785
19.993
17.767
16.183
15.416
16.558
16.476
18.267
14.217
19.993
19.293
16.831
15.858
16.851
17.648
16.789
14.679
15.449
18.242
10.899
17.798
19.993
18.329
16.641
19.724
17.484
19.542
18.576
15.768
16.949
18.310
16.353
17.734
16.516
15.907
17.845
16.951
17.225
16.739
17.005
17.801
15.872
16.514
18.658
15.923
16.181
16.439
16.481
19.961
19.039
15.994
16.527
15.303
16.844
14.850
16.982
14.974
15.352
17.184
15.774
16.753
16.128
13.302
16.794
17.114
18.199
18.095
17.494
17.390
15.234
17.029
14.558
17.632
17.232
14.015
16.166
17.239
16.621
15.284
16.741
16.693
15.383
16.441
19.749
17.897
18.514
16.332
17.489
16.224
17.114
14.106
15.925
16.111
16.441
15.178
19.993
13.263
16.907
17.620
17.507
15.572
15.443
8.888
14.337
18.995
16.340
17.770
16.666
16.505
18.169
15.772
16.837
18.963
15.501
17.107
19.993
15.550
16.769
19.206
16.025
17.268
17.788
17.663
18.291
16.487
17.363
15.505
16.737
18.121
18.081
15.827
18.129
16.419
16.637
18.297
18.100
16.027
18.065
15.612
17.675
18.280
19.449
15.360
18.318
17.734
16.716
18.475
19.161
16.538
16.498
19.452
16.421
16.323
