15.509
9.412
12.905
10.428
12.052
10.530
9.180
9.738
13.490
13.244
14.594
13.469
12.176
12.441
13.286
14.446
13.220
12.976
12.323
12.832
14.406
14.313
11.714
10.687
10.227
12.383
13.609
14.766
14.810
11.020
10.448
11.772
11.977
14.669
12.201
12.284
13.973
11.516
12.187
11.299
11.371
12.077
12.327
12.624
13.664
14.670
13.875
13.254
12.525
12.158
12.755
12.513
14.123
14.862
14.629
10.380
14.181
13.233
12.727
13.619
13.818
12.035
11.787
13.434
12.189
11.513
11.934
13.029
12.470
12.863
13.307
11.202
12.894
14.221
14.817
11.215
12.779
13.341
13.529
13.835
12.699
13.335
14.076
13.477
13.927
13.524
14.467
13.828
14.196
13.341
15.389
13.980
13.063
13.626
13.325
13.594
13.643
12.123
12.283
12.972
10.210
14.110
12.543
12.957
12.403
11.095
13.364
12.962
13.227
14.221
14.353
12.633
13.257
14.755
13.596
14.305
13.824
13.734
13.929
11.936
10.610
11.242
13.177
12.262
13.053
12.793
13.303
