13.197
11.005
10.970
17.317
19.800
19.993
16.863
14.278
14.984
19.993
19.993
19.363
17.871
15.389
12.820
14.744
11.886
16.237
16.944
18.584
18.867
18.884
17.783
19.586
19.060
12.746
19.993
19.078
16.785
15.788
18.792
16.434
16.956
15.255
19.993
16.013
19.345
16.052
19.063
10.771
8.956
9.568
18.161
19.993
12.033
19.993
17.373
19.993
19.345
18.256
16.705
12.215
12.398
16.755
15.782
18.632
19.582
15.005
18.401
17.762
19.993
16.179
18.475
19.212
17.918
15.146
13.029
14.357
14.826
14.147
13.469
14.448
16.215
17.610
15.474
16.380
19.993
16.831
15.661
14.045
17.271
19.993
11.539
16.171
19.699
15.815
15.697
17.435
15.815
16.050
16.847
16.090
18.615
15.946
19.746
18.156
17.162
15.580
18.145
17.688
19.851
17.529
19.993
18.305
19.993
17.353
18.878
18.036
15.002
15.350
18.204
15.996
18.215
14.982
15.257
15.111
15.187
15.324
17.349
18.324
16.278
19.542
14.953
16.605
12.365
15.364
15.517
18.732
16.891
17.637
16.771
11.935
17.577
19.813
16.151
19.993
19.993
11.312
19.468
17.783
19.993
15.880
14.270
13.514
18.995
19.066
16.171
19.993
14.570
16.505
19.730
16.461
14.839
16.314
18.373
14.896
14.317
17.773
16.583
16.490
16.518
