14.653
17.928
16.689
16.773
19.104
18.269
16.384
14.697
15.604
14.663
15.400
15.523
19.342
17.732
17.117
16.395
17.050
16.021
16.947
15.505
18.129
15.901
13.753
17.734
14.644
16.696
16.851
19.351
14.076
13.555
13.374
13.935
15.135
13.875
15.905
16.082
15.529
16.166
16.556
16.269
16.284
14.570
14.746
15.921
16.410
15.655
14.207
14.674
13.713
14.649
13.768
15.217
16.190
16.877
16.812
16.503
16.065
15.000
13.959
13.180
14.949
15.377
16.905
15.640
17.336
15.677
13.991
14.686
14.114
14.160
13.710
14.365
15.285
14.618
15.760
15.529
14.401
16.757
13.995
15.622
15.911
15.154
14.783
15.843
18.023
14.782
15.044
13.413
15.496
16.498
17.317
15.923
15.700
15.301
15.915
16.743
16.812
18.108
16.655
15.825
16.461
13.765
14.989
15.760
16.299
15.862
16.008
15.849
15.760
15.362
15.646
16.360
16.304
15.291
15.144
15.695
14.830
14.911
13.733
13.312
16.369
16.075
16.541
17.417
17.686
17.043
19.415
16.725
16.310
16.762
15.314
14.741
17.986
15.289
14.360
15.654
13.342
15.594
14.996
15.748
15.004
16.474
16.558
15.554
15.083
15.287
16.188
15.070
15.414
15.050
17.071
14.782
17.696
16.567
