14.771
16.746
15.851
14.131
14.439
12.444
14.929
14.925
16.459
11.133
16.404
14.585
11.852
16.021
17.133
16.243
19.993
17.889
16.243
16.587
17.569
15.841
17.081
11.110
13.064
13.107
14.105
12.689
12.446
9.130
8.592
9.039
18.365
19.539
15.774
15.948
13.540
10.392
14.826
13.560
16.071
16.619
15.648
19.620
16.930
14.029
18.041
17.889
18.357
16.397
17.050
16.232
18.757
18.587
14.191
15.457
16.572
15.825
19.993
19.993
16.909
15.081
14.674
18.844
13.747
16.998
19.176
15.756
16.521
19.887
14.016
19.554
13.869
16.707
14.158
15.063
16.448
19.415
16.137
18.663
14.720
13.682
16.080
19.718
15.464
14.045
12.675
12.118
16.968
16.585
14.965
14.085
11.109
18.715
16.263
16.386
12.540
15.831
14.406
16.439
19.993
16.529
14.862
12.541
8.950
14.027
12.290
10.427
18.740
16.226
19.993
15.994
9.498
12.824
16.947
12.840
19.993
14.328
14.821
19.993
16.304
13.675
17.889
16.404
13.431
19.993
19.993
19.835
12.571
17.193
11.993
19.993
16.909
13.594
14.137
13.194
12.736
19.759
19.036
17.494
12.920
12.912
12.837
12.927
17.913
11.957
19.110
18.548
19.993
19.974
