10.790
18.409
10.800
10.932
8.892
8.459
8.496
9.460
8.276
8.994
8.668
6.438
8.894
7.566
11.070
13.713
7.724
8.210
9.571
9.352
12.671
7.059
9.431
7.890
6.747
12.530
15.697
8.926
8.034
8.282
7.289
10.226
9.398
10.483
10.119
9.033
7.469
7.906
8.238
8.438
9.499
9.011
8.777
9.801
9.354
7.406
14.662
18.409
11.822
14.577
17.334
19.173
19.791
10.443
14.406
15.480
8.552
6.784
8.131
15.053
11.081
8.379
8.556
8.395
8.351
9.556
7.577
16.558
11.169
11.241
12.178
11.108
13.894
9.468
11.128
10.600
12.662
13.675
14.871
12.012
10.391
10.165
10.184
10.184
9.494
13.844
13.785
14.873
14.736
14.585
14.257
12.129
10.144
10.256
10.378
11.259
14.604
13.010
12.146
14.688
18.092
10.992
