15.081
16.478
14.337
14.528
15.133
14.578
13.468
16.183
15.253
15.193
15.168
14.196
15.266
15.716
16.338
14.629
16.937
15.293
17.760
16.490
11.694
12.612
13.719
13.669
14.290
17.227
16.111
14.455
12.755
12.637
13.825
16.417
13.957
13.477
14.214
14.616
14.230
11.727
12.415
13.593
13.056
13.378
13.302
14.475
13.614
15.085
15.533
14.601
13.349
8.826
19.993
15.517
15.944
18.004
15.397
14.439
14.627
15.909
17.319
16.986
17.892
11.476
17.237
16.248
12.693
13.502
12.520
13.638
12.744
14.121
13.662
13.846
14.097
12.260
13.526
13.875
15.704
14.019
13.675
16.237
17.098
15.700
15.632
14.342
13.475
13.127
13.995
13.687
14.069
16.245
14.302
17.022
15.811
16.868
14.704
17.589
17.425
16.596
16.592
14.542
16.523
15.905
16.132
15.541
16.662
15.146
16.614
16.171
16.010
17.729
17.327
18.340
18.183
14.318
14.767
14.523
17.012
16.803
17.017
17.268
15.606
17.003
16.909
15.675
14.674
15.379
15.416
15.439
15.189
15.435
16.220
14.646
16.599
15.903
14.943
14.878
15.270
17.755
16.525
14.646
15.183
15.154
17.148
17.617
17.907
15.829
16.865
16.858
16.982
