12.163
12.684
13.670
10.335
18.153
13.107
13.784
14.152
19.993
13.499
11.403
11.705
15.127
12.227
14.552
11.971
13.437
12.400
19.993
16.547
15.685
16.158
16.048
17.031
15.535
17.455
19.993
19.993
15.644
13.824
16.373
16.143
16.177
17.544
15.708
16.391
15.942
16.213
17.704
18.666
16.192
15.547
15.124
12.183
17.587
15.562
15.671
15.646
16.356
14.709
18.294
18.223
18.484
15.872
14.730
17.266
16.689
13.557
12.600
13.034
15.963
16.888
19.287
15.251
16.325
14.345
17.107
15.152
15.229
16.314
14.477
15.268
8.895
10.919
14.245
14.945
15.554
17.499
15.671
14.573
17.038
17.780
17.026
14.308
17.936
19.296
14.962
18.267
16.801
14.764
16.965
15.462
13.981
15.722
16.787
16.630
16.847
17.522
14.886
15.449
16.705
16.757
16.684
17.366
16.397
17.504
15.954
16.260
15.159
14.055
15.702
15.742
15.381
16.213
16.614
15.837
15.478
17.415
17.482
14.967
16.327
17.432
16.603
16.162
17.683
17.074
15.833
16.612
17.012
10.909
11.417
12.987
12.375
16.086
15.866
12.417
10.377
15.150
15.708
14.201
14.649
16.213
15.305
15.940
16.626
12.883
15.833
15.345
15.140
13.970
14.431
