17.755
13.460
11.012
15.932
13.199
11.136
19.245
19.932
19.993
19.993
14.428
18.629
15.866
19.993
18.226
19.993
19.993
11.901
19.993
11.585
18.689
19.993
19.993
11.639
11.629
11.773
12.304
19.874
12.060
11.840
12.671
19.993
15.105
19.993
19.993
19.474
19.993
12.036
18.629
13.075
19.412
19.993
19.993
11.746
11.721
19.993
12.044
19.993
19.993
11.091
11.262
19.182
12.117
16.958
19.348
19.245
10.273
19.993
19.993
19.993
11.200
19.993
19.993
19.993
19.993
11.567
17.249
19.993
11.818
19.993
19.993
19.724
12.164
19.667
11.738
18.755
11.958
12.012
19.468
13.483
15.837
11.729
11.683
18.321
19.993
19.993
11.187
11.740
19.993
19.993
11.182
11.897
19.440
11.830
19.714
12.584
12.656
19.582
19.993
19.993
10.982
9.005
19.623
11.510
11.542
19.993
11.838
18.638
19.772
19.993
12.271
19.740
12.041
19.961
11.508
8.429
19.309
12.019
11.851
12.821
12.361
12.148
12.302
12.816
12.154
12.606
19.360
8.802
12.311
12.331
10.044
11.820
19.131
11.494
8.799
12.554
12.121
19.149
12.795
12.147
11.868
12.133
19.993
11.618
