13.304
12.103
14.389
12.789
11.408
12.985
14.477
10.098
11.189
12.902
12.781
12.668
12.490
14.637
14.760
12.585
13.594
11.899
13.813
13.711
12.550
12.590
11.906
11.674
12.270
13.316
12.895
13.377
12.754
12.936
13.540
13.117
13.121
11.795
12.108
12.634
13.579
13.478
13.511
11.763
10.713
13.082
13.251
12.490
11.803
11.661
16.968
15.005
13.954
11.514
11.685
12.874
12.051
11.440
14.035
14.532
10.893
10.033
14.599
13.858
16.984
13.702
14.479
13.517
14.887
14.076
15.449
16.803
15.341
15.335
15.393
15.280
14.429
15.554
17.145
16.075
11.128
15.545
15.345
16.031
11.992
14.734
16.209
14.157
13.345
12.435
13.697
15.227
15.061
12.936
9.243
13.774
12.499
13.000
12.306
11.894
15.636
15.236
13.056
15.343
13.236
14.357
12.929
14.191
13.949
13.304
14.609
19.993
12.773
15.364
16.893
13.575
11.858
14.119
13.967
13.631
13.701
14.639
13.397
13.273
13.432
12.233
11.809
13.975
15.890
15.100
14.317
15.632
16.141
16.351
15.572
12.903
13.951
