12.367
10.143
13.316
16.306
19.993
19.545
12.906
19.993
17.341
17.088
14.204
19.993
10.849
15.109
10.298
11.707
14.412
10.230
18.204
9.296
17.327
19.993
18.542
10.361
18.234
15.624
19.028
19.993
13.594
9.647
12.152
5.898
10.521
11.311
11.013
14.850
11.578
14.622
19.993
14.438
10.306
13.596
17.346
12.390
16.603
15.499
13.878
17.162
14.934
16.113
15.507
16.787
15.127
13.864
11.129
17.050
19.993
12.081
11.640
12.895
17.088
11.797
14.511
14.252
19.514
8.263
18.055
15.938
12.272
8.824
16.914
19.993
18.100
16.919
19.993
7.396
6.393
13.226
13.187
11.450
19.993
14.101
16.678
17.437
6.873
15.050
13.546
14.257
14.969
7.977
19.993
17.920
19.993
19.695
19.993
19.993
6.896
12.722
12.336
8.787
18.878
11.729
19.993
13.316
10.858
11.194
17.886
19.993
19.993
12.529
13.036
16.094
19.974
12.019
19.993
9.892
12.942
19.993
19.993
8.688
19.993
19.993
16.160
11.552
12.893
11.949
12.738
19.661
15.039
13.469
19.993
19.042
19.993
11.667
19.993
17.038
