9.953
13.839
16.743
15.858
14.540
16.284
17.989
17.557
14.716
15.397
13.578
15.199
12.791
13.374
11.374
9.731
15.157
14.509
10.473
12.885
15.646
12.527
12.153
13.521
13.287
12.074
15.420
12.097
10.733
15.131
15.268
12.418
15.050
11.668
14.355
18.887
10.857
12.268
14.558
10.172
12.411
9.141
10.750
9.243
12.204
9.936
9.597
14.227
14.960
10.779
14.949
15.533
15.496
15.529
12.893
9.591
13.723
15.612
13.640
13.807
16.046
12.803
12.881
12.484
14.035
16.673
13.003
13.487
12.549
9.264
11.602
11.489
12.313
10.695
13.885
14.530
14.969
12.083
14.392
14.920
13.083
12.858
15.794
15.864
15.815
18.376
16.111
14.995
15.691
16.585
14.739
15.562
13.813
14.307
15.272
14.350
14.535
13.970
18.873
13.968
19.922
14.443
16.000
14.821
9.180
17.176
15.085
13.745
16.271
14.889
16.213
15.811
11.174
18.604
18.925
16.996
16.356
8.914
15.227
10.253
16.599
13.367
14.214
15.437
12.817
9.812
9.294
10.147
15.903
15.265
15.391
14.622
19.176
16.132
