8.662
17.668
18.132
19.107
15.515
11.897
16.397
12.462
19.480
19.993
19.993
19.993
18.723
19.586
18.775
18.111
19.993
19.695
19.993
19.993
19.993
15.764
13.455
14.947
14.575
10.258
13.926
14.468
19.839
18.749
15.441
11.904
16.077
14.327
15.640
16.753
19.182
15.468
15.590
18.520
17.625
17.905
17.191
18.250
19.922
16.840
18.766
19.699
18.735
17.617
17.706
18.362
17.102
18.269
18.423
16.518
16.245
16.991
19.462
16.211
19.935
16.367
19.993
15.515
16.982
18.351
15.215
18.818
19.993
19.807
19.530
18.119
18.870
18.076
19.993
19.993
9.623
11.411
15.079
16.111
17.256
18.478
18.459
18.242
17.814
15.280
11.509
15.074
15.580
13.935
19.182
19.839
16.254
18.199
19.958
18.253
19.993
19.993
16.926
18.913
18.601
18.559
14.911
17.770
19.993
16.801
16.877
16.675
15.819
15.000
18.231
17.534
19.993
14.683
17.119
18.735
15.529
14.869
14.438
15.373
16.989
15.894
15.574
15.598
15.888
17.353
18.481
17.902
15.798
7.314
7.822
12.451
16.675
16.222
19.284
16.465
19.104
18.196
15.724
12.262
11.801
18.887
17.155
18.081
19.069
19.143
17.050
18.329
15.971
16.844
18.390
17.417
19.993
18.729
18.638
19.263
17.931
16.278
18.700
16.907
18.683
18.269
19.158
18.732
