11.288
19.993
19.993
11.094
9.257
15.837
18.729
10.680
19.993
12.032
18.749
18.231
10.872
19.718
18.305
19.993
19.800
19.993
19.993
19.993
19.993
19.993
11.663
16.619
14.532
12.303
18.887
19.993
19.449
19.993
19.993
11.914
11.760
18.028
11.261
11.726
19.604
19.993
19.993
19.993
11.469
17.366
19.993
19.993
11.824
18.835
18.910
19.955
19.993
19.993
11.479
18.858
11.837
18.012
19.993
19.993
19.993
19.993
19.993
11.498
19.422
19.993
19.993
19.993
19.993
11.687
17.899
19.993
19.993
19.993
19.993
19.993
19.993
19.993
19.993
16.612
14.794
19.993
19.993
11.142
12.545
11.845
19.955
11.483
19.564
11.904
19.385
19.993
12.021
19.993
19.993
11.633
19.993
13.975
11.870
19.929
11.908
17.879
19.993
19.993
11.068
19.993
12.068
19.993
19.993
19.993
19.993
12.403
19.958
18.769
19.376
19.993
19.993
12.407
18.269
10.812
10.551
15.107
11.996
12.000
19.993
11.114
19.993
19.266
19.993
19.670
12.370
18.253
16.498
19.993
18.963
18.881
19.993
19.993
19.993
19.993
11.633
19.388
19.864
12.151
19.993
11.880
19.330
11.726
19.993
19.993
19.993
19.993
19.993
12.124
19.993
11.868
12.074
11.828
19.993
19.993
11.527
19.474
19.993
19.993
