12.546
11.450
16.771
19.993
19.692
15.039
17.273
16.496
18.755
17.208
16.241
13.946
16.295
18.506
11.979
18.412
10.606
18.937
17.577
19.146
15.547
16.063
14.237
14.859
14.810
15.490
15.602
14.601
14.317
15.720
14.027
12.462
10.068
8.691
12.130
8.657
13.532
13.839
15.878
17.696
19.993
19.993
15.762
18.709
11.336
17.283
18.641
18.186
11.474
12.690
16.521
17.933
10.242
14.925
16.507
14.561
17.514
13.997
17.686
18.116
19.290
11.622
16.404
15.802
19.993
16.705
14.893
9.940
11.052
10.270
18.902
19.974
17.579
16.476
19.185
15.942
16.668
19.971
18.269
16.635
17.933
13.361
19.465
16.614
12.929
17.258
17.706
19.772
16.993
17.502
12.598
19.993
19.993
19.452
18.442
19.993
17.408
12.697
11.245
11.604
13.896
15.263
13.497
13.719
11.305
14.024
11.366
15.168
19.756
15.572
8.406
15.268
16.088
17.455
14.575
16.608
13.003
13.117
10.772
8.309
11.261
12.752
13.182
10.792
8.585
12.604
12.860
13.409
10.029
12.209
9.328
9.918
10.566
18.409
19.993
14.232
15.068
14.066
9.730
9.750
13.306
