8.677
19.993
12.120
18.945
11.885
18.795
11.831
10.843
17.773
19.993
16.353
19.993
19.170
13.348
13.707
19.993
11.408
19.877
19.993
19.993
19.993
11.229
18.267
19.185
11.705
18.769
19.993
19.415
19.075
19.993
9.137
11.399
18.459
19.993
19.993
19.993
19.993
19.993
19.993
19.993
12.099
17.237
19.993
19.093
19.993
19.179
19.993
19.993
19.993
19.993
11.876
19.096
12.271
19.993
19.775
12.283
18.800
19.993
19.477
17.562
19.993
15.622
19.993
10.220
19.993
17.876
18.406
19.993
19.993
10.560
19.993
19.434
19.987
19.993
19.357
19.993
17.191
19.993
14.660
15.994
10.506
10.785
18.783
18.760
19.993
12.273
18.615
19.832
19.993
19.993
19.993
10.414
19.993
12.255
17.246
19.993
19.661
19.206
19.993
17.775
19.993
19.993
9.482
19.993
19.143
19.993
19.137
19.848
18.473
19.993
19.993
19.993
19.993
19.993
19.993
19.993
19.800
19.993
19.993
11.175
19.993
19.104
19.993
19.425
19.604
18.132
18.582
19.993
18.695
17.532
16.386
19.149
17.534
16.898
19.993
19.993
19.345
19.993
18.864
19.993
18.789
17.422
17.019
19.673
16.831
19.993
19.993
19.369
19.993
19.993
11.745
19.993
19.993
11.045
19.993
19.993
11.893
12.584
19.131
10.947
19.113
19.480
19.376
18.644
18.678
18.092
19.570
19.993
15.994
