9.876
11.174
10.299
12.936
13.474
9.537
12.116
9.902
9.657
10.134
12.371
10.110
18.986
16.592
13.365
12.756
13.560
15.714
15.301
14.533
13.863
13.836
13.794
13.863
14.516
16.086
15.760
16.115
14.646
14.824
16.391
13.418
12.906
13.155
14.898
14.089
15.074
15.903
13.114
15.079
15.663
14.348
14.127
19.096
11.507
12.747
15.215
14.288
9.959
16.179
13.612
15.285
17.050
13.921
13.472
13.165
14.015
15.293
15.375
15.282
14.778
15.562
16.454
16.137
14.771
15.063
16.351
15.180
16.741
16.015
16.369
16.282
16.269
17.278
17.363
15.556
15.474
16.021
16.312
17.824
16.579
14.438
16.478
16.476
16.269
15.139
15.901
16.105
11.290
19.212
18.302
15.584
14.989
13.788
15.266
9.769
8.174
12.793
16.336
15.640
13.945
15.383
15.851
15.998
14.506
15.360
16.190
16.230
17.388
16.373
14.042
13.042
15.261
16.258
13.644
14.759
15.882
15.373
15.876
16.124
15.932
15.813
15.261
14.347
13.662
15.921
15.420
14.475
17.081
14.759
14.015
19.993
19.993
19.642
10.382
19.961
18.373
16.844
16.478
15.624
15.905
17.455
17.783
