9.512
8.081
8.937
9.441
8.027
7.063
6.573
6.330
7.181
6.547
7.853
9.149
10.999
8.686
8.735
6.039
8.946
9.651
9.624
9.141
8.007
6.810
8.133
7.201
7.534
10.179
9.778
7.604
7.650
8.250
9.679
9.712
8.554
10.035
10.710
10.087
9.741
8.087
7.329
9.694
10.296
10.803
10.168
9.852
9.761
8.327
10.858
10.164
11.224
8.236
7.130
8.719
11.114
9.976
10.061
10.033
9.631
11.091
10.870
8.162
7.867
8.132
9.867
9.354
10.401
8.258
8.910
9.549
10.138
8.657
6.522
11.083
10.087
10.460
8.829
10.284
12.130
10.117
11.139
10.508
10.919
10.199
10.642
12.180
11.987
11.494
9.916
9.506
10.087
11.856
