11.191
7.821
8.235
10.408
8.945
8.299
8.068
5.686
9.328
9.567
9.768
8.699
8.134
9.370
11.003
12.421
8.778
6.888
8.127
8.396
9.859
9.920
7.782
7.653
8.996
10.729
10.105
14.989
11.772
7.329
8.965
18.321
18.489
14.249
15.744
11.184
8.851
11.993
9.948
7.775
11.152
8.624
11.693
11.588
10.975
11.594
11.950
13.536
12.697
11.887
11.718
13.620
13.833
13.292
10.754
19.523
10.446
14.050
12.603
8.817
7.722
19.993
16.304
15.370
14.623
12.918
14.121
15.161
12.450
7.800
7.467
14.468
11.642
8.727
6.018
8.875
8.746
11.755
16.907
13.425
12.594
11.698
10.174
11.745
10.060
10.301
14.630
17.683
9.762
17.249
17.212
11.769
16.364
13.264
15.740
15.013
18.503
15.764
16.356
15.364
12.085
13.827
11.922
12.924
7.088
15.385
10.156
10.304
