8.888
8.646
10.020
13.017
19.336
8.458
13.103
18.071
17.701
18.506
15.640
12.416
12.723
14.597
14.878
11.481
10.570
12.715
14.798
15.552
17.036
15.784
13.727
14.841
16.753
19.993
19.388
19.993
19.993
18.940
17.502
16.334
14.846
15.618
14.277
15.214
15.299
14.803
15.314
17.155
16.614
16.211
12.206
16.893
16.492
17.947
19.993
18.437
16.958
19.128
17.131
16.239
16.343
16.534
16.549
16.327
16.757
15.543
13.863
13.234
15.969
16.054
16.118
16.483
16.386
17.706
18.559
11.004
16.404
15.994
17.796
17.336
17.322
17.024
18.593
18.092
18.517
18.627
15.981
17.010
18.607
18.324
18.097
17.947
17.129
17.261
16.222
16.635
18.689
18.703
18.234
18.545
16.614
17.507
17.814
16.650
16.501
18.945
17.892
17.557
17.254
18.666
17.627
16.782
16.942
18.259
17.913
17.003
16.979
17.620
18.576
19.495
19.993
19.993
18.343
18.672
17.331
17.162
18.135
16.432
16.241
15.337
15.638
16.798
17.060
18.365
16.796
17.162
16.730
17.785
17.079
18.343
14.472
17.102
17.164
16.547
17.602
17.152
17.902
17.043
16.280
16.879
17.292
17.393
17.353
17.383
19.993
19.964
16.984
18.178
14.575
16.916
15.486
16.345
16.115
15.888
19.561
19.636
19.724
18.755
19.993
17.760
