18.478
19.974
19.212
17.249
17.093
17.627
18.847
16.951
19.514
18.137
15.977
16.986
19.173
18.554
18.683
16.653
16.921
19.661
16.445
17.351
18.963
16.327
19.614
16.693
19.848
16.456
16.759
18.740
16.601
18.218
19.993
19.468
18.194
18.887
16.949
17.920
19.993
17.574
17.587
17.297
17.760
17.960
18.196
19.336
19.993
19.281
18.052
19.993
16.835
18.735
16.096
18.809
17.785
17.254
18.809
18.683
18.105
17.978
16.619
19.810
17.186
17.036
19.993
17.437
17.124
16.687
17.881
16.737
19.664
15.671
17.432
17.076
17.373
18.076
17.514
16.907
17.440
16.782
16.898
16.879
16.514
16.412
17.600
19.935
17.378
17.721
16.877
17.109
18.495
12.256
15.855
17.290
16.592
16.496
17.048
15.913
15.545
15.263
16.404
16.485
14.047
14.583
14.987
14.808
14.936
13.981
13.819
15.911
16.501
15.736
17.714
17.650
16.755
17.393
17.237
17.983
17.160
16.450
15.704
14.819
16.177
16.725
14.656
16.748
16.650
16.239
17.164
16.567
16.432
15.608
16.817
16.655
17.266
18.071
19.016
19.397
17.724
17.131
15.293
16.921
17.114
16.671
16.689
16.023
15.509
16.837
17.232
16.516
16.226
15.724
16.494
16.963
16.895
16.791
12.637
16.884
16.741
16.921
16.554
17.045
16.570
14.882
16.549
14.887
15.985
16.958
16.310
17.140
17.215
