18.406
13.616
10.309
12.974
9.632
11.292
10.186
7.255
12.423
15.268
10.705
12.013
13.740
14.229
11.546
11.446
10.408
11.713
9.883
13.090
9.883
12.153
12.087
12.591
12.401
12.800
11.241
13.163
12.096
11.397
10.328
9.945
12.111
12.462
14.370
13.260
13.672
12.829
13.394
13.141
11.320
12.078
12.480
11.060
16.269
14.000
15.543
12.796
13.018
13.968
13.665
12.914
12.720
12.361
11.994
13.453
12.692
14.072
12.706
14.718
13.557
14.032
14.024
15.418
14.188
14.658
13.653
13.095
14.611
14.566
13.449
15.004
14.082
15.584
13.743
12.909
15.206
11.876
14.058
12.715
13.135
13.396
12.387
14.045
15.092
14.438
13.387
12.744
14.734
14.791
14.954
15.655
17.038
17.534
17.368
13.616
15.965
17.489
16.662
16.149
14.262
15.343
15.608
14.473
16.254
13.943
16.160
16.228
15.746
13.403
12.489
14.615
16.891
15.068
16.648
17.582
15.031
14.575
13.935
12.611
14.337
14.245
13.378
12.007
12.845
15.227
13.524
13.951
11.021
12.932
14.184
