11.376
19.176
13.270
8.682
9.388
9.668
11.632
12.848
10.253
10.379
11.306
17.494
15.584
13.443
14.938
15.829
15.568
9.468
12.789
14.528
13.483
11.521
14.027
18.221
15.963
19.194
15.622
18.803
18.500
19.309
16.071
18.299
16.898
13.294
12.148
10.750
16.220
12.215
15.821
15.669
16.358
15.064
15.087
14.670
11.860
14.878
14.817
15.398
16.951
18.159
18.202
19.336
19.993
16.714
19.993
18.584
19.993
11.871
18.047
19.987
18.250
19.993
14.450
11.604
11.967
13.960
15.088
18.798
17.212
16.851
17.349
19.636
17.837
19.397
15.760
17.114
16.490
17.660
17.150
16.190
19.194
19.203
16.092
18.613
16.113
19.932
19.993
16.968
18.026
13.902
13.808
14.826
16.814
12.033
10.656
12.475
16.707
19.545
19.993
17.607
18.826
16.481
16.226
19.683
18.169
16.426
14.868
16.192
14.407
12.396
13.220
15.956
16.621
19.993
18.256
16.321
14.967
19.993
15.326
14.860
14.021
11.945
18.683
13.811
18.338
18.855
10.896
16.421
16.304
17.057
14.552
16.514
16.532
14.263
19.993
16.428
18.826
16.347
16.483
19.403
18.792
16.556
19.415
19.845
16.132
19.028
18.395
16.949
15.983
19.993
13.560
15.163
11.942
