13.070
13.396
14.064
16.837
15.934
17.564
17.729
19.511
16.968
18.913
16.739
10.406
17.191
9.602
18.153
14.431
12.324
13.284
13.271
14.150
15.316
14.396
14.744
16.278
15.665
15.437
18.172
18.052
15.270
14.973
18.512
19.116
11.479
19.993
15.833
13.052
12.508
13.329
15.022
16.954
16.232
15.907
17.317
17.617
16.010
16.450
14.634
14.497
15.811
17.121
18.775
19.107
16.200
17.368
16.930
14.609
13.886
16.297
18.812
18.310
14.137
15.225
13.956
13.883
15.866
18.373
15.295
15.685
17.067
18.137
17.417
18.981
17.215
17.832
17.814
16.868
17.152
15.515
17.648
19.351
17.747
19.692
19.993
19.958
18.308
18.934
19.471
17.920
12.779
14.048
18.368
17.174
9.964
18.678
18.757
18.503
15.815
16.325
16.521
15.636
17.589
19.263
18.873
17.936
16.879
18.223
18.156
19.081
18.517
19.233
18.111
17.361
16.835
19.993
19.993
19.993
19.993
19.993
11.688
19.993
19.993
19.993
18.559
17.432
17.048
19.582
18.818
19.993
18.545
18.715
16.926
19.964
19.526
19.993
18.902
19.993
19.993
18.020
17.036
19.242
19.022
18.267
18.470
18.995
16.644
18.248
18.528
19.480
18.902
19.342
18.638
19.791
19.462
19.446
19.188
18.540
19.369
18.478
18.237
17.587
18.299
19.699
19.272
19.993
15.938
18.153
16.805
