15.280
10.768
8.868
10.209
6.197
8.644
12.380
15.075
8.026
11.963
8.821
8.531
10.780
11.179
9.464
9.637
7.906
10.055
8.677
6.314
13.186
8.835
12.105
13.681
11.160
13.893
16.310
16.977
10.500
10.011
9.525
16.956
17.569
19.984
13.588
8.982
8.689
17.275
9.647
13.038
18.678
15.234
19.182
15.967
12.545
16.796
15.024
19.508
15.648
18.381
12.722
10.104
9.900
14.375
11.254
14.866
10.233
14.893
13.168
14.163
14.358
12.170
17.996
16.345
15.037
19.993
16.048
10.635
7.558
12.072
9.694
13.849
13.737
9.755
11.195
14.424
12.190
14.428
12.271
11.561
12.267
11.180
17.256
8.132
17.271
16.230
9.481
13.742
11.573
13.390
17.083
10.687
14.462
7.150
12.098
13.748
13.896
9.794
12.097
8.095
12.048
9.970
16.637
17.124
12.931
11.667
10.432
11.275
9.471
8.592
10.607
10.606
11.228
17.479
8.637
