16.637
16.972
16.459
13.742
13.484
13.691
11.406
12.581
12.943
12.701
12.479
11.895
11.407
12.033
16.487
14.851
12.820
12.681
11.415
11.993
11.641
12.089
10.136
11.789
8.958
13.453
13.643
11.842
12.039
11.830
11.847
14.472
13.927
13.341
12.791
11.629
12.792
11.583
13.676
13.259
13.588
14.312
13.070
12.843
13.038
13.286
13.005
15.026
19.993
14.842
12.407
14.460
10.253
13.787
12.820
14.163
13.418
13.469
13.089
12.497
13.104
13.309
12.908
13.034
13.197
13.333
12.675
13.918
14.629
15.969
16.778
13.888
14.780
15.364
14.382
14.597
13.905
15.556
14.965
15.094
13.263
13.910
14.752
14.686
14.762
15.395
17.112
17.324
17.208
16.842
15.950
18.272
14.752
19.993
14.599
15.079
15.075
15.788
16.476
13.883
14.821
13.082
13.727
14.436
14.826
13.833
13.893
14.807
12.881
13.216
13.499
14.237
13.134
12.373
12.724
10.243
12.299
14.732
14.714
15.588
14.068
13.860
14.497
14.097
13.773
12.756
12.130
12.898
10.288
10.714
13.696
19.909
13.869
13.499
12.784
