8.397
10.313
9.662
6.687
7.768
12.398
10.260
10.712
9.408
7.503
11.516
11.091
11.358
12.072
9.431
9.849
9.472
9.224
11.615
9.273
11.375
7.368
10.825
10.368
10.148
7.072
10.883
16.232
12.738
11.446
11.215
15.740
18.376
10.858
11.843
12.080
10.170
7.678
11.234
14.372
11.575
12.211
12.246
14.229
12.211
13.975
12.033
16.209
14.630
16.096
12.039
14.660
11.522
14.249
13.421
13.453
12.931
13.061
13.480
12.217
11.621
15.990
15.083
14.365
15.790
13.747
11.768
12.844
14.909
13.434
14.216
10.939
12.174
13.994
14.307
14.158
13.523
12.546
15.236
10.645
7.497
11.302
11.652
15.337
11.060
13.832
13.428
12.703
15.752
10.866
10.404
9.316
14.655
11.691
11.981
14.759
8.270
12.427
11.855
12.110
10.412
9.612
8.210
5.323
12.801
12.685
10.726
8.719
16.260
9.296
10.632
10.186
