13.970
14.114
16.275
15.965
14.283
12.055
15.936
13.090
14.704
17.467
14.027
9.934
14.068
15.825
16.723
14.406
15.081
14.909
14.905
14.093
15.261
14.757
14.978
12.184
9.883
12.967
13.402
16.065
13.948
14.302
14.686
13.612
13.994
13.599
14.551
17.095
16.004
14.039
12.483
9.983
12.360
14.685
15.257
18.302
17.492
17.324
15.414
14.929
14.417
15.278
12.358
13.320
13.910
13.687
17.136
14.468
12.819
15.266
17.234
15.851
15.541
17.564
13.760
13.551
15.293
14.830
13.431
14.298
11.119
12.325
8.928
10.093
13.364
13.847
15.154
18.321
13.897
14.799
11.336
13.310
14.942
14.468
12.970
13.497
15.523
16.888
16.317
17.635
17.138
16.856
16.175
17.026
10.464
12.283
12.304
11.068
12.918
13.035
13.254
14.683
13.907
13.416
12.375
12.001
9.600
9.139
11.586
10.187
11.998
12.041
14.880
14.629
16.773
17.341
15.400
11.023
13.965
10.407
10.391
12.074
10.770
12.249
11.831
12.832
13.774
13.128
13.579
10.040
10.242
10.511
13.250
13.139
12.057
