19.993
19.514
19.993
16.166
19.993
12.367
19.284
11.439
19.993
19.376
17.420
13.846
14.212
17.698
19.648
19.993
16.404
19.993
19.993
12.009
17.688
19.993
19.993
19.993
19.993
19.993
11.779
10.895
16.393
17.102
17.804
17.290
14.974
17.403
14.166
17.442
18.450
19.977
19.993
19.993
19.993
18.896
12.039
13.466
19.993
19.993
14.868
15.704
17.744
18.624
14.293
16.785
17.612
13.719
14.841
18.548
19.412
19.993
19.993
19.705
16.445
15.326
18.240
17.469
17.169
14.943
16.798
19.533
12.567
17.564
17.295
18.256
19.993
19.993
17.309
16.325
16.258
17.582
17.278
17.157
19.942
19.993
19.576
18.610
19.977
19.993
19.993
14.290
19.893
19.993
19.993
18.712
18.338
15.266
16.092
15.385
15.505
12.696
15.118
14.283
17.564
17.107
13.690
19.993
16.958
19.990
16.101
18.039
19.993
18.624
19.993
19.993
19.993
19.993
19.993
18.478
19.993
19.993
19.993
15.187
12.821
15.622
17.871
15.498
14.066
18.680
19.492
19.406
19.993
19.281
15.977
19.651
17.031
15.299
14.532
16.118
9.638
17.076
12.000
18.250
18.373
17.512
16.364
14.508
19.810
18.445
14.335
19.993
14.039
17.732
14.873
19.993
11.256
19.275
19.900
9.636
11.435
19.993
19.993
19.993
18.318
14.436
15.886
16.050
15.667
16.275
18.390
