7.155
7.101
8.190
8.258
8.499
8.404
7.158
7.513
7.742
6.664
6.705
6.793
6.443
6.705
6.559
6.730
7.804
7.292
7.406
6.574
6.651
6.689
7.536
7.567
6.698
6.794
6.411
6.881
6.541
6.084
6.103
6.581
6.731
6.467
7.447
6.636
6.834
6.702
5.900
6.202
6.361
7.663
7.384
6.762
6.695
7.388
6.753
6.120
5.490
6.622
6.502
6.059
6.571
6.888
5.971
6.043
6.000
6.585
7.470
6.709
7.519
6.483
6.829
7.463
7.424
6.194
5.821

14.554
12.521
10.871
11.639
13.047
13.061
13.582
13.335
13.737
12.965
12.785
12.106
13.846
13.021
11.656
12.339
12.602
13.727
14.116
14.066
14.005
13.860
13.391
13.135
13.594
12.891
12.616
13.182
15.782
14.244
15.005
12.422
14.278
17.083
16.006
15.007
14.873
16.935
15.496
13.380
15.525
14.713
13.408
13.739
16.004
7.479
15.847
19.993
17.064
14.869
16.213
14.723
15.770
12.383
17.770
15.259
14.857
13.251
14.064
12.442
16.301
13.918
16.015
14.571
16.196
16.293
19.993
17.678
14.750
15.366
14.489
15.675
18.615
17.884
16.872
12.759
18.223
15.740
17.954
16.235
19.629
18.343
11.523
14.016
16.789
13.899
15.242
16.926
14.387
16.038
16.991
16.576
14.216
14.234
10.304
6.383
10.249
17.225
9.727
12.042
12.863
15.437
19.819
15.429
17.169
17.850
14.235
16.067
15.927
11.439
12.311
16.481
12.801
12.836
15.087
13.782
13.919
15.293
15.072
13.728
17.038
14.313
15.598
13.868
16.205
15.391
14.737
15.379
18.798
15.866
15.683
14.275
15.600
15.954
15.350
15.936
15.718
15.364
14.821
16.327
13.391
15.862
14.064

13.304
12.103
14.389
12.789
11.408
12.985
14.477
10.098
11.189
12.902
12.781
12.668
12.490
14.637
14.760
12.585
13.594
11.899
13.813
13.711
12.550
12.590
11.906
11.674
12.270
13.316
12.895
13.377
12.754
12.936
13.540
13.117
13.121
11.795
12.108
12.634
13.579
13.478
13.511
11.763
10.713
13.082
13.251
12.490
11.803
11.661
16.968
15.005
13.954
11.514
11.685
12.874
12.051
11.440
14.035
14.532
10.893
10.033
14.599
13.858
16.984
13.702
14.479
13.517
14.887
14.076
15.449
16.803
15.341
15.335
15.393
15.280
14.429
15.554
17.145
16.075
11.128
15.545
15.345
16.031
11.992
14.734
16.209
14.157
13.345
12.435
13.697
15.227
15.061
12.936
9.243
13.774
12.499
13.000
12.306
11.894
15.636
15.236
13.056
15.343
13.236
14.357
12.929
14.191
13.949
13.304
14.609
19.993
12.773
15.364
16.893
13.575
11.858
14.119
13.967
13.631
13.701
14.639
13.397
13.273
13.432
12.233
11.809
13.975
15.890
15.100
14.317
15.632
16.141
16.351
15.572
12.903
13.951

12.163
12.684
13.670
10.335
18.153
13.107
13.784
14.152
19.993
13.499
11.403
11.705
15.127
12.227
14.552
11.971
13.437
12.400
19.993
16.547
15.685
16.158
16.048
17.031
15.535
17.455
19.993
19.993
15.644
13.824
16.373
16.143
16.177
17.544
15.708
16.391
15.942
16.213
17.704
18.666
16.192
15.547
15.124
12.183
17.587
15.562
15.671
15.646
16.356
14.709
18.294
18.223
18.484
15.872
14.730
17.266
16.689
13.557
12.600
13.034
15.963
16.888
19.287
15.251
16.325
14.345
17.107
15.152
15.229
16.314
14.477
15.268
8.895
10.919
14.245
14.945
15.554
17.499
15.671
14.573
17.038
17.780
17.026
14.308
17.936
19.296
14.962
18.267
16.801
14.764
16.965
15.462
13.981
15.722
16.787
16.630
16.847
17.522
14.886
15.449
16.705
16.757
16.684
17.366
16.397
17.504
15.954
16.260
15.159
14.055
15.702
15.742
15.381
16.213
16.614
15.837
15.478
17.415
17.482
14.967
16.327
17.432
16.603
16.162
17.683
17.074
15.833
16.612
17.012
10.909
11.417
12.987
12.375
16.086
15.866
12.417
10.377
15.150
15.708
14.201
14.649
16.213
15.305
15.940
16.626
12.883
15.833
15.345
15.140
13.970
14.431

18.240
12.866
12.302
18.010
17.225
17.547
17.098
19.084
18.245
17.765
19.993
19.993
19.993
19.993
19.376
16.840
16.203
17.376
18.023
19.025
19.993
16.893
17.827
16.194
17.755
17.910
16.476
17.126
17.760
17.324
16.965
17.162
16.487
16.421
18.044
17.442
16.675
16.659
17.088
16.430
19.379
17.191
17.894
11.741
19.993
19.680
18.327
17.467
19.874
19.648
19.680
19.564
19.554
18.188
17.157
18.103
17.314
16.545
17.714
16.207
16.004
17.302
17.762
8.894
8.355
13.711
17.172
15.944
11.399
15.007
18.261
16.035
18.178
11.947
16.912
17.430
16.128
17.417
16.168
16.565
14.991
17.642
19.993
17.155
18.272
17.632
17.645
17.871
18.587
18.359
16.549
17.853
19.194
18.140
17.798
16.909
19.611
17.174
14.882
9.519
16.128
19.533
19.623
11.715
19.579
19.458
18.047
19.099
18.175
19.993
18.838
18.299
18.335
16.330
15.182
18.278
18.562
8.636
12.187
19.993
19.993
11.668
19.278
19.582
18.703
17.129
19.036
18.145
19.993
13.849
19.993
14.370
15.927
19.548
9.525
15.320
17.305
16.881
17.334
17.256
17.024
19.290
16.812
18.766
9.647
17.036
19.993
19.756
18.981
17.522
17.405
16.263
18.100
17.263
17.457
18.841
18.559
18.551
16.538
16.260
10.991
16.808
17.297
18.018
16.757

15.509
9.412
12.905
10.428
12.052
10.530
9.180
9.738
13.490
13.244
14.594
13.469
12.176
12.441
13.286
14.446
13.220
12.976
12.323
12.832
14.406
14.313
11.714
10.687
10.227
12.383
13.609
14.766
14.810
11.020
10.448
11.772
11.977
14.669
12.201
12.284
13.973
11.516
12.187
11.299
11.371
12.077
12.327
12.624
13.664
14.670
13.875
13.254
12.525
12.158
12.755
12.513
14.123
14.862
14.629
10.380
14.181
13.233
12.727
13.619
13.818
12.035
11.787
13.434
12.189
11.513
11.934
13.029
12.470
12.863
13.307
11.202
12.894
14.221
14.817
11.215
12.779
13.341
13.529
13.835
12.699
13.335
14.076
13.477
13.927
13.524
14.467
13.828
14.196
13.341
15.389
13.980
13.063
13.626
13.325
13.594
13.643
12.123
12.283
12.972
10.210
14.110
12.543
12.957
12.403
11.095
13.364
12.962
13.227
14.221
14.353
12.633
13.257
14.755
13.596
14.305
13.824
13.734
13.929
11.936
10.610
11.242
13.177
12.262
13.053
12.793
13.303

15.983
10.807
7.484
5.905
5.519
6.029
7.550
7.532
6.008
6.078
5.724
6.399
6.182
6.242
5.587
6.335
4.733
5.905
7.692
7.612
7.134
6.929
6.255
6.825
5.548
5.829
4.291
4.885
5.415
5.290
5.297
6.513
6.645
6.887
6.770
7.475
7.353
5.767
8.020
7.494
6.492
5.836
6.391
6.724
7.129
6.818
6.703
6.495
6.293
6.681
6.051
8.040
9.563
6.933
6.107
6.100
5.312
5.162
5.148
6.220
6.242
5.488

14.653
17.928
16.689
16.773
19.104
18.269
16.384
14.697
15.604
14.663
15.400
15.523
19.342
17.732
17.117
16.395
17.050
16.021
16.947
15.505
18.129
15.901
13.753
17.734
14.644
16.696
16.851
19.351
14.076
13.555
13.374
13.935
15.135
13.875
15.905
16.082
15.529
16.166
16.556
16.269
16.284
14.570
14.746
15.921
16.410
15.655
14.207
14.674
13.713
14.649
13.768
15.217
16.190
16.877
16.812
16.503
16.065
15.000
13.959
13.180
14.949
15.377
16.905
15.640
17.336
15.677
13.991
14.686
14.114
14.160
13.710
14.365
15.285
14.618
15.760
15.529
14.401
16.757
13.995
15.622
15.911
15.154
14.783
15.843
18.023
14.782
15.044
13.413
15.496
16.498
17.317
15.923
15.700
15.301
15.915
16.743
16.812
18.108
16.655
15.825
16.461
13.765
14.989
15.760
16.299
15.862
16.008
15.849
15.760
15.362
15.646
16.360
16.304
15.291
15.144
15.695
14.830
14.911
13.733
13.312
16.369
16.075
16.541
17.417
17.686
17.043
19.415
16.725
16.310
16.762
15.314
14.741
17.986
15.289
14.360
15.654
13.342
15.594
14.996
15.748
15.004
16.474
16.558
15.554
15.083
15.287
16.188
15.070
15.414
15.050
17.071
14.782
17.696
16.567

14.771
16.746
15.851
14.131
14.439
12.444
14.929
14.925
16.459
11.133
16.404
14.585
11.852
16.021
17.133
16.243
19.993
17.889
16.243
16.587
17.569
15.841
17.081
11.110
13.064
13.107
14.105
12.689
12.446
9.130
8.592
9.039
18.365
19.539
15.774
15.948
13.540
10.392
14.826
13.560
16.071
16.619
15.648
19.620
16.930
14.029
18.041
17.889
18.357
16.397
17.050
16.232
18.757
18.587
14.191
15.457
16.572
15.825
19.993
19.993
16.909
15.081
14.674
18.844
13.747
16.998
19.176
15.756
16.521
19.887
14.016
19.554
13.869
16.707
14.158
15.063
16.448
19.415
16.137
18.663
14.720
13.682
16.080
19.718
15.464
14.045
12.675
12.118
16.968
16.585
14.965
14.085
11.109
18.715
16.263
16.386
12.540
15.831
14.406
16.439
19.993
16.529
14.862
12.541
8.950
14.027
12.290
10.427
18.740
16.226
19.993
15.994
9.498
12.824
16.947
12.840
19.993
14.328
14.821
19.993
16.304
13.675
17.889
16.404
13.431
19.993
19.993
19.835
12.571
17.193
11.993
19.993
16.909
13.594
14.137
13.194
12.736
19.759
19.036
17.494
12.920
12.912
12.837
12.927
17.913
11.957
19.110
18.548
19.993
19.974

15.689
12.974
13.816
14.129
15.626
15.059
15.728
15.843
16.432
15.443
14.973
16.785
19.993
17.767
16.183
15.416
16.558
16.476
18.267
14.217
19.993
19.293
16.831
15.858
16.851
17.648
16.789
14.679
15.449
18.242
10.899
17.798
19.993
18.329
16.641
19.724
17.484
19.542
18.576
15.768
16.949
18.310
16.353
17.734
16.516
15.907
17.845
16.951
17.225
16.739
17.005
17.801
15.872
16.514
18.658
15.923
16.181
16.439
16.481
19.961
19.039
15.994
16.527
15.303
16.844
14.850
16.982
14.974
15.352
17.184
15.774
16.753
16.128
13.302
16.794
17.114
18.199
18.095
17.494
17.390
15.234
17.029
14.558
17.632
17.232
14.015
16.166
17.239
16.621
15.284
16.741
16.693
15.383
16.441
19.749
17.897
18.514
16.332
17.489
16.224
17.114
14.106
15.925
16.111
16.441
15.178
19.993
13.263
16.907
17.620
17.507
15.572
15.443
8.888
14.337
18.995
16.340
17.770
16.666
16.505
18.169
15.772
16.837
18.963
15.501
17.107
19.993
15.550
16.769
19.206
16.025
17.268
17.788
17.663
18.291
16.487
17.363
15.505
16.737
18.121
18.081
15.827
18.129
16.419
16.637
18.297
18.100
16.027
18.065
15.612
17.675
18.280
19.449
15.360
18.318
17.734
16.716
18.475
19.161
16.538
16.498
19.452
16.421
16.323

17.755
13.460
11.012
15.932
13.199
11.136
19.245
19.932
19.993
19.993
14.428
18.629
15.866
19.993
18.226
19.993
19.993
11.901
19.993
11.585
18.689
19.993
19.993
11.639
11.629
11.773
12.304
19.874
12.060
11.840
12.671
19.993
15.105
19.993
19.993
19.474
19.993
12.036
18.629
13.075
19.412
19.993
19.993
11.746
11.721
19.993
12.044
19.993
19.993
11.091
11.262
19.182
12.117
16.958
19.348
19.245
10.273
19.993
19.993
19.993
11.200
19.993
19.993
19.993
19.993
11.567
17.249
19.993
11.818
19.993
19.993
19.724
12.164
19.667
11.738
18.755
11.958
12.012
19.468
13.483
15.837
11.729
11.683
18.321
19.993
19.993
11.187
11.740
19.993
19.993
11.182
11.897
19.440
11.830
19.714
12.584
12.656
19.582
19.993
19.993
10.982
9.005
19.623
11.510
11.542
19.993
11.838
18.638
19.772
19.993
12.271
19.740
12.041
19.961
11.508
8.429
19.309
12.019
11.851
12.821
12.361
12.148
12.302
12.816
12.154
12.606
19.360
8.802
12.311
12.331
10.044
11.820
19.131
11.494
8.799
12.554
12.121
19.149
12.795
12.147
11.868
12.133
19.993
11.618

15.081
16.478
14.337
14.528
15.133
14.578
13.468
16.183
15.253
15.193
15.168
14.196
15.266
15.716
16.338
14.629
16.937
15.293
17.760
16.490
11.694
12.612
13.719
13.669
14.290
17.227
16.111
14.455
12.755
12.637
13.825
16.417
13.957
13.477
14.214
14.616
14.230
11.727
12.415
13.593
13.056
13.378
13.302
14.475
13.614
15.085
15.533
14.601
13.349
8.826
19.993
15.517
15.944
18.004
15.397
14.439
14.627
15.909
17.319
16.986
17.892
11.476
17.237
16.248
12.693
13.502
12.520
13.638
12.744
14.121
13.662
13.846
14.097
12.260
13.526
13.875
15.704
14.019
13.675
16.237
17.098
15.700
15.632
14.342
13.475
13.127
13.995
13.687
14.069
16.245
14.302
17.022
15.811
16.868
14.704
17.589
17.425
16.596
16.592
14.542
16.523
15.905
16.132
15.541
16.662
15.146
16.614
16.171
16.010
17.729
17.327
18.340
18.183
14.318
14.767
14.523
17.012
16.803
17.017
17.268
15.606
17.003
16.909
15.675
14.674
15.379
15.416
15.439
15.189
15.435
16.220
14.646
16.599
15.903
14.943
14.878
15.270
17.755
16.525
14.646
15.183
15.154
17.148
17.617
17.907
15.829
16.865
16.858
16.982

14.050
12.656
17.620
8.925
8.924
11.644
14.577
11.284
8.087
7.716
11.798
11.034
12.001
14.773
13.065
14.718
15.187
15.572
14.370
13.665
15.890
14.730
16.134
12.980
13.830
19.993
12.435
9.543
10.632
15.295
15.061
14.737
15.642
16.787
17.709
15.876
17.760
14.540
14.630
15.200
15.202
18.778
15.358
16.840
14.000
11.433
10.561
10.194
9.977
17.371
15.488
17.102
17.524
14.752
14.470
15.416
14.307
13.964
15.002
16.558
15.845
7.825
14.594
14.663
16.773
16.084
19.752
15.600
17.534
16.185
16.956
18.978
16.671
13.694
14.064
9.389
17.527
19.993
17.105
15.348
14.480
15.174
16.080
15.638
15.681
17.283
15.451
13.984
16.601
14.914
17.060
12.970
13.637
16.099
18.582
17.632
14.995
16.241
18.740
17.484
15.427
15.756
15.689
14.835
18.137
17.762
17.186
16.192
17.162
18.582
17.290
17.840
15.671
16.046
15.426
16.605
13.570
15.466
15.618
15.314
18.646
18.100
15.159
14.113
10.124
8.159
9.845
11.314
10.299
8.344
13.973
10.302
15.492
14.330
14.996
14.380
12.411
14.392
15.971
16.443
15.337

19.455
14.936
13.824
16.061
15.451
14.823
16.190
16.252
10.603
16.590
15.923
15.712
19.993
19.993
16.353
14.494
16.084
16.304
16.327
17.095
19.993
19.993
19.993
16.075
19.993
19.993
16.301
17.994
15.697
19.993
19.993
19.993
19.128
15.552
19.993
16.567
15.886
14.509
18.867
8.238
14.989
12.981
15.217
19.993
18.437
17.804
18.261
18.068
18.089
18.041
19.772
19.993
18.672
18.658
19.993
19.993
19.993
18.365
17.254
17.164
16.687
16.905
16.914
17.557
16.961
19.987
17.724
17.552
17.319
14.399
16.780
16.587
16.718
17.435
19.191
19.670
19.104
18.456
19.366
16.042
19.993
19.993
19.874
19.993
19.993
19.948
18.573
19.993
19.993
19.561
14.515
16.926
19.474
18.812
19.486
14.842
15.954
16.321
19.354
17.237
15.554
15.148
13.664
17.220
15.790
19.561
17.655
16.162
17.853
18.178
17.239
19.182
16.052
16.721
18.506
18.786
19.394
18.055
17.344
19.293
15.580
17.681
16.803
17.464
16.868
17.939
19.816
19.116
10.903
16.120
10.615
6.445
5.122
11.549
8.078
11.414
8.425
8.177
6.979
6.380
3.090
7.166
7.444
5.816
8.376
12.772
13.743

10.790
18.409
10.800
10.932
8.892
8.459
8.496
9.460
8.276
8.994
8.668
6.438
8.894
7.566
11.070
13.713
7.724
8.210
9.571
9.352
12.671
7.059
9.431
7.890
6.747
12.530
15.697
8.926
8.034
8.282
7.289
10.226
9.398
10.483
10.119
9.033
7.469
7.906
8.238
8.438
9.499
9.011
8.777
9.801
9.354
7.406
14.662
18.409
11.822
14.577
17.334
19.173
19.791
10.443
14.406
15.480
8.552
6.784
8.131
15.053
11.081
8.379
8.556
8.395
8.351
9.556
7.577
16.558
11.169
11.241
12.178
11.108
13.894
9.468
11.128
10.600
12.662
13.675
14.871
12.012
10.391
10.165
10.184
10.184
9.494
13.844
13.785
14.873
14.736
14.585
14.257
12.129
10.144
10.256
10.378
11.259
14.604
13.010
12.146
14.688
18.092
10.992

11.499
12.396
14.290
15.195
15.667
15.632
16.789
17.767
19.155
17.811
17.798
19.221
17.915
15.549
16.224
17.341
16.284
15.952
17.931
16.188
15.936
18.890
18.316
18.437
19.993
19.993
19.611
18.105
15.293
14.492
13.250
14.729
17.910
15.285
17.440
15.600
14.816
17.003
17.612
18.565
19.137
16.970
17.150
17.499
17.086
19.376
17.001
18.362
19.993
19.019
17.778
18.097
17.492
16.570
19.281
16.771
14.670
15.295
17.899
18.113
18.969
18.568
19.993
19.993
17.095
18.329
18.847
18.986
19.724
19.158
18.661
19.993
16.718
19.455
15.074
15.159
18.850
18.717
16.323
15.521
17.532
15.758
16.269
15.337
14.700
16.632
19.620
19.791
17.645
19.708
19.987
17.305
14.693
15.802
19.629
19.586
15.291
18.829
18.237
19.281
18.153
15.720
19.081
19.993
19.993
17.494
19.993
18.338
16.364
16.282
18.327
18.570
18.343
16.304
17.420
18.481
19.403
18.931
18.500
18.755
16.118
18.514
18.121
16.273
17.109
16.417
19.867
18.934
18.415
18.392
17.029
19.333
19.993
19.993
19.993
19.339
18.161
16.684
18.803
14.965
19.548
18.627
19.993
19.993
19.993
19.993
10.774
19.468
18.213
19.155
19.993
11.376
16.483
19.227
18.925
15.217
17.933
17.290
17.462
18.706
18.065
18.191
19.010
18.896
15.878
17.897
17.512
15.168
14.080
14.374
16.002

18.240
12.866
12.302
18.010
17.225
17.547
17.098
19.084
18.245
17.765
19.993
19.993
19.993
19.993
19.376
16.840
16.203
17.376
18.023
19.025
19.993
16.893
17.827
16.194
17.755
17.910
16.476
17.126
17.760
17.324
16.965
17.162
16.487
16.421
18.044
17.442
16.675
16.659
17.088
16.430
19.379
17.191
17.894
11.741
19.993
19.680
18.327
17.467
19.874
19.648
19.680
19.564
19.554
18.188
17.157
18.103
17.314
16.545
17.714
16.207
16.004
17.302
17.762
8.894
8.355
13.711
17.172
15.944
11.399
15.007
18.261
16.035
18.178
11.947
16.912
17.430
16.128
17.417
16.168
16.565
14.991
17.642
19.993
17.155
18.272
17.632
17.645
17.871
18.587
18.359
16.549
17.853
19.194
18.140
17.798
16.909
19.611
17.174
14.882
9.519
16.128
19.533
19.623
11.715
19.579
19.458
18.047
19.099
18.175
19.993
18.838
18.299
18.335
16.330
15.182
18.278
18.562
8.636
12.187
19.993
19.993
11.668
19.278
19.582
18.703
17.129
19.036
18.145
19.993
13.849
19.993
14.370
15.927
19.548
9.525
15.320
17.305
16.881
17.334
17.256
17.024
19.290
16.812
18.766
9.647
17.036
19.993
19.756
18.981
17.522
17.405
16.263
18.100
17.263
17.457
18.841
18.559
18.551
16.538
16.260
10.991
16.808
17.297
18.018
16.757

13.197
11.005
10.970
17.317
19.800
19.993
16.863
14.278
14.984
19.993
19.993
19.363
17.871
15.389
12.820
14.744
11.886
16.237
16.944
18.584
18.867
18.884
17.783
19.586
19.060
12.746
19.993
19.078
16.785
15.788
18.792
16.434
16.956
15.255
19.993
16.013
19.345
16.052
19.063
10.771
8.956
9.568
18.161
19.993
12.033
19.993
17.373
19.993
19.345
18.256
16.705
12.215
12.398
16.755
15.782
18.632
19.582
15.005
18.401
17.762
19.993
16.179
18.475
19.212
17.918
15.146
13.029
14.357
14.826
14.147
13.469
14.448
16.215
17.610
15.474
16.380
19.993
16.831
15.661
14.045
17.271
19.993
11.539
16.171
19.699
15.815
15.697
17.435
15.815
16.050
16.847
16.090
18.615
15.946
19.746
18.156
17.162
15.580
18.145
17.688
19.851
17.529
19.993
18.305
19.993
17.353
18.878
18.036
15.002
15.350
18.204
15.996
18.215
14.982
15.257
15.111
15.187
15.324
17.349
18.324
16.278
19.542
14.953
16.605
12.365
15.364
15.517
18.732
16.891
17.637
16.771
11.935
17.577
19.813
16.151
19.993
19.993
11.312
19.468
17.783
19.993
15.880
14.270
13.514
18.995
19.066
16.171
19.993
14.570
16.505
19.730
16.461
14.839
16.314
18.373
14.896
14.317
17.773
16.583
16.490
16.518

9.871
12.812
13.223
11.434
13.640
10.322
11.822
10.338
11.471
10.778
10.668
10.565
10.131
9.807
10.524
11.274
10.992
9.940
9.879
9.408
9.210
10.760
9.091
8.328
8.747
11.520
11.434
10.714
9.529
8.946
8.661
8.658
8.604
9.115
9.011
10.683
9.663
9.674
9.342
9.699
10.501
7.989
7.573
7.927
8.082
8.148
9.849
8.106
8.918
10.078
9.730
9.914
11.134
10.655
9.632
10.271
10.577
10.743
10.260
11.495
11.470
11.459
10.291
12.212
11.282
11.789
12.222
11.331
12.393
9.703
9.801
9.238
10.608
9.087
9.721
9.821
8.096
11.082
8.157
9.460
8.987
9.407
11.578
9.380
9.151
10.460
9.605
9.573
9.679
9.340
11.053
13.523
13.796
13.254
11.387
11.136
19.394
19.993
10.869
9.733
