11.376
19.176
13.270
8.682
9.388
9.668
11.632
12.848
10.253
10.379
11.306
17.494
15.584
13.443
14.938
15.829
15.568
9.468
12.789
14.528
13.483
11.521
14.027
18.221
15.963
19.194
15.622
18.803
18.500
19.309
16.071
18.299
16.898
13.294
12.148
10.750
16.220
12.215
15.821
15.669
16.358
15.064
15.087
14.670
11.860
14.878
14.817
15.398
16.951
18.159
18.202
19.336
19.993
16.714
19.993
18.584
19.993
11.871
18.047
19.987
18.250
19.993
14.450
11.604
11.967
13.960
15.088
18.798
17.212
16.851
17.349
19.636
17.837
19.397
15.760
17.114
16.490
17.660
17.150
16.190
19.194
19.203
16.092
18.613
16.113
19.932
19.993
16.968
18.026
13.902
13.808
14.826
16.814
12.033
10.656
12.475
16.707
19.545
19.993
17.607
18.826
16.481
16.226
19.683
18.169
16.426
14.868
16.192
14.407
12.396
13.220
15.956
16.621
19.993
18.256
16.321
14.967
19.993
15.326
14.860
14.021
11.945
18.683
13.811
18.338
18.855
10.896
16.421
16.304
17.057
14.552
16.514
16.532
14.263
19.993
16.428
18.826
16.347
16.483
19.403
18.792
16.556
19.415
19.845
16.132
19.028
18.395
16.949
15.983
19.993
13.560
15.163
11.942

12.546
11.450
16.771
19.993
19.692
15.039
17.273
16.496
18.755
17.208
16.241
13.946
16.295
18.506
11.979
18.412
10.606
18.937
17.577
19.146
15.547
16.063
14.237
14.859
14.810
15.490
15.602
14.601
14.317
15.720
14.027
12.462
10.068
8.691
12.130
8.657
13.532
13.839
15.878
17.696
19.993
19.993
15.762
18.709
11.336
17.283
18.641
18.186
11.474
12.690
16.521
17.933
10.242
14.925
16.507
14.561
17.514
13.997
17.686
18.116
19.290
11.622
16.404
15.802
19.993
16.705
14.893
9.940
11.052
10.270
18.902
19.974
17.579
16.476
19.185
15.942
16.668
19.971
18.269
16.635
17.933
13.361
19.465
16.614
12.929
17.258
17.706
19.772
16.993
17.502
12.598
19.993
19.993
19.452
18.442
19.993
17.408
12.697
11.245
11.604
13.896
15.263
13.497
13.719
11.305
14.024
11.366
15.168
19.756
15.572
8.406
15.268
16.088
17.455
14.575
16.608
13.003
13.117
10.772
8.309
11.261
12.752
13.182
10.792
8.585
12.604
12.860
13.409
10.029
12.209
9.328
9.918
10.566
18.409
19.993
14.232
15.068
14.066
9.730
9.750
13.306

8.662
17.668
18.132
19.107
15.515
11.897
16.397
12.462
19.480
19.993
19.993
19.993
18.723
19.586
18.775
18.111
19.993
19.695
19.993
19.993
19.993
15.764
13.455
14.947
14.575
10.258
13.926
14.468
19.839
18.749
15.441
11.904
16.077
14.327
15.640
16.753
19.182
15.468
15.590
18.520
17.625
17.905
17.191
18.250
19.922
16.840
18.766
19.699
18.735
17.617
17.706
18.362
17.102
18.269
18.423
16.518
16.245
16.991
19.462
16.211
19.935
16.367
19.993
15.515
16.982
18.351
15.215
18.818
19.993
19.807
19.530
18.119
18.870
18.076
19.993
19.993
9.623
11.411
15.079
16.111
17.256
18.478
18.459
18.242
17.814
15.280
11.509
15.074
15.580
13.935
19.182
19.839
16.254
18.199
19.958
18.253
19.993
19.993
16.926
18.913
18.601
18.559
14.911
17.770
19.993
16.801
16.877
16.675
15.819
15.000
18.231
17.534
19.993
14.683
17.119
18.735
15.529
14.869
14.438
15.373
16.989
15.894
15.574
15.598
15.888
17.353
18.481
17.902
15.798
7.314
7.822
12.451
16.675
16.222
19.284
16.465
19.104
18.196
15.724
12.262
11.801
18.887
17.155
18.081
19.069
19.143
17.050
18.329
15.971
16.844
18.390
17.417
19.993
18.729
18.638
19.263
17.931
16.278
18.700
16.907
18.683
18.269
19.158
18.732

18.478
19.974
19.212
17.249
17.093
17.627
18.847
16.951
19.514
18.137
15.977
16.986
19.173
18.554
18.683
16.653
16.921
19.661
16.445
17.351
18.963
16.327
19.614
16.693
19.848
16.456
16.759
18.740
16.601
18.218
19.993
19.468
18.194
18.887
16.949
17.920
19.993
17.574
17.587
17.297
17.760
17.960
18.196
19.336
19.993
19.281
18.052
19.993
16.835
18.735
16.096
18.809
17.785
17.254
18.809
18.683
18.105
17.978
16.619
19.810
17.186
17.036
19.993
17.437
17.124
16.687
17.881
16.737
19.664
15.671
17.432
17.076
17.373
18.076
17.514
16.907
17.440
16.782
16.898
16.879
16.514
16.412
17.600
19.935
17.378
17.721
16.877
17.109
18.495
12.256
15.855
17.290
16.592
16.496
17.048
15.913
15.545
15.263
16.404
16.485
14.047
14.583
14.987
14.808
14.936
13.981
13.819
15.911
16.501
15.736
17.714
17.650
16.755
17.393
17.237
17.983
17.160
16.450
15.704
14.819
16.177
16.725
14.656
16.748
16.650
16.239
17.164
16.567
16.432
15.608
16.817
16.655
17.266
18.071
19.016
19.397
17.724
17.131
15.293
16.921
17.114
16.671
16.689
16.023
15.509
16.837
17.232
16.516
16.226
15.724
16.494
16.963
16.895
16.791
12.637
16.884
16.741
16.921
16.554
17.045
16.570
14.882
16.549
14.887
15.985
16.958
16.310
17.140
17.215

13.070
13.396
14.064
16.837
15.934
17.564
17.729
19.511
16.968
18.913
16.739
10.406
17.191
9.602
18.153
14.431
12.324
13.284
13.271
14.150
15.316
14.396
14.744
16.278
15.665
15.437
18.172
18.052
15.270
14.973
18.512
19.116
11.479
19.993
15.833
13.052
12.508
13.329
15.022
16.954
16.232
15.907
17.317
17.617
16.010
16.450
14.634
14.497
15.811
17.121
18.775
19.107
16.200
17.368
16.930
14.609
13.886
16.297
18.812
18.310
14.137
15.225
13.956
13.883
15.866
18.373
15.295
15.685
17.067
18.137
17.417
18.981
17.215
17.832
17.814
16.868
17.152
15.515
17.648
19.351
17.747
19.692
19.993
19.958
18.308
18.934
19.471
17.920
12.779
14.048
18.368
17.174
9.964
18.678
18.757
18.503
15.815
16.325
16.521
15.636
17.589
19.263
18.873
17.936
16.879
18.223
18.156
19.081
18.517
19.233
18.111
17.361
16.835
19.993
19.993
19.993
19.993
19.993
11.688
19.993
19.993
19.993
18.559
17.432
17.048
19.582
18.818
19.993
18.545
18.715
16.926
19.964
19.526
19.993
18.902
19.993
19.993
18.020
17.036
19.242
19.022
18.267
18.470
18.995
16.644
18.248
18.528
19.480
18.902
19.342
18.638
19.791
19.462
19.446
19.188
18.540
19.369
18.478
18.237
17.587
18.299
19.699
19.272
19.993
15.938
18.153
16.805

8.888
8.646
10.020
13.017
19.336
8.458
13.103
18.071
17.701
18.506
15.640
12.416
12.723
14.597
14.878
11.481
10.570
12.715
14.798
15.552
17.036
15.784
13.727
14.841
16.753
19.993
19.388
19.993
19.993
18.940
17.502
16.334
14.846
15.618
14.277
15.214
15.299
14.803
15.314
17.155
16.614
16.211
12.206
16.893
16.492
17.947
19.993
18.437
16.958
19.128
17.131
16.239
16.343
16.534
16.549
16.327
16.757
15.543
13.863
13.234
15.969
16.054
16.118
16.483
16.386
17.706
18.559
11.004
16.404
15.994
17.796
17.336
17.322
17.024
18.593
18.092
18.517
18.627
15.981
17.010
18.607
18.324
18.097
17.947
17.129
17.261
16.222
16.635
18.689
18.703
18.234
18.545
16.614
17.507
17.814
16.650
16.501
18.945
17.892
17.557
17.254
18.666
17.627
16.782
16.942
18.259
17.913
17.003
16.979
17.620
18.576
19.495
19.993
19.993
18.343
18.672
17.331
17.162
18.135
16.432
16.241
15.337
15.638
16.798
17.060
18.365
16.796
17.162
16.730
17.785
17.079
18.343
14.472
17.102
17.164
16.547
17.602
17.152
17.902
17.043
16.280
16.879
17.292
17.393
17.353
17.383
19.993
19.964
16.984
18.178
14.575
16.916
15.486
16.345
16.115
15.888
19.561
19.636
19.724
18.755
19.993
17.760

18.406
13.616
10.309
12.974
9.632
11.292
10.186
7.255
12.423
15.268
10.705
12.013
13.740
14.229
11.546
11.446
10.408
11.713
9.883
13.090
9.883
12.153
12.087
12.591
12.401
12.800
11.241
13.163
12.096
11.397
10.328
9.945
12.111
12.462
14.370
13.260
13.672
12.829
13.394
13.141
11.320
12.078
12.480
11.060
16.269
14.000
15.543
12.796
13.018
13.968
13.665
12.914
12.720
12.361
11.994
13.453
12.692
14.072
12.706
14.718
13.557
14.032
14.024
15.418
14.188
14.658
13.653
13.095
14.611
14.566
13.449
15.004
14.082
15.584
13.743
12.909
15.206
11.876
14.058
12.715
13.135
13.396
12.387
14.045
15.092
14.438
13.387
12.744
14.734
14.791
14.954
15.655
17.038
17.534
17.368
13.616
15.965
17.489
16.662
16.149
14.262
15.343
15.608
14.473
16.254
13.943
16.160
16.228
15.746
13.403
12.489
14.615
16.891
15.068
16.648
17.582
15.031
14.575
13.935
12.611
14.337
14.245
13.378
12.007
12.845
15.227
13.524
13.951
11.021
12.932
14.184

11.288
19.993
19.993
11.094
9.257
15.837
18.729
10.680
19.993
12.032
18.749
18.231
10.872
19.718
18.305
19.993
19.800
19.993
19.993
19.993
19.993
19.993
11.663
16.619
14.532
12.303
18.887
19.993
19.449
19.993
19.993
11.914
11.760
18.028
11.261
11.726
19.604
19.993
19.993
19.993
11.469
17.366
19.993
19.993
11.824
18.835
18.910
19.955
19.993
19.993
11.479
18.858
11.837
18.012
19.993
19.993
19.993
19.993
19.993
11.498
19.422
19.993
19.993
19.993
19.993
11.687
17.899
19.993
19.993
19.993
19.993
19.993
19.993
19.993
19.993
16.612
14.794
19.993
19.993
11.142
12.545
11.845
19.955
11.483
19.564
11.904
19.385
19.993
12.021
19.993
19.993
11.633
19.993
13.975
11.870
19.929
11.908
17.879
19.993
19.993
11.068
19.993
12.068
19.993
19.993
19.993
19.993
12.403
19.958
18.769
19.376
19.993
19.993
12.407
18.269
10.812
10.551
15.107
11.996
12.000
19.993
11.114
19.993
19.266
19.993
19.670
12.370
18.253
16.498
19.993
18.963
18.881
19.993
19.993
19.993
19.993
11.633
19.388
19.864
12.151
19.993
11.880
19.330
11.726
19.993
19.993
19.993
19.993
19.993
12.124
19.993
11.868
12.074
11.828
19.993
19.993
11.527
19.474
19.993
19.993

16.637
16.972
16.459
13.742
13.484
13.691
11.406
12.581
12.943
12.701
12.479
11.895
11.407
12.033
16.487
14.851
12.820
12.681
11.415
11.993
11.641
12.089
10.136
11.789
8.958
13.453
13.643
11.842
12.039
11.830
11.847
14.472
13.927
13.341
12.791
11.629
12.792
11.583
13.676
13.259
13.588
14.312
13.070
12.843
13.038
13.286
13.005
15.026
19.993
14.842
12.407
14.460
10.253
13.787
12.820
14.163
13.418
13.469
13.089
12.497
13.104
13.309
12.908
13.034
13.197
13.333
12.675
13.918
14.629
15.969
16.778
13.888
14.780
15.364
14.382
14.597
13.905
15.556
14.965
15.094
13.263
13.910
14.752
14.686
14.762
15.395
17.112
17.324
17.208
16.842
15.950
18.272
14.752
19.993
14.599
15.079
15.075
15.788
16.476
13.883
14.821
13.082
13.727
14.436
14.826
13.833
13.893
14.807
12.881
13.216
13.499
14.237
13.134
12.373
12.724
10.243
12.299
14.732
14.714
15.588
14.068
13.860
14.497
14.097
13.773
12.756
12.130
12.898
10.288
10.714
13.696
19.909
13.869
13.499
12.784

9.953
13.839
16.743
15.858
14.540
16.284
17.989
17.557
14.716
15.397
13.578
15.199
12.791
13.374
11.374
9.731
15.157
14.509
10.473
12.885
15.646
12.527
12.153
13.521
13.287
12.074
15.420
12.097
10.733
15.131
15.268
12.418
15.050
11.668
14.355
18.887
10.857
12.268
14.558
10.172
12.411
9.141
10.750
9.243
12.204
9.936
9.597
14.227
14.960
10.779
14.949
15.533
15.496
15.529
12.893
9.591
13.723
15.612
13.640
13.807
16.046
12.803
12.881
12.484
14.035
16.673
13.003
13.487
12.549
9.264
11.602
11.489
12.313
10.695
13.885
14.530
14.969
12.083
14.392
14.920
13.083
12.858
15.794
15.864
15.815
18.376
16.111
14.995
15.691
16.585
14.739
15.562
13.813
14.307
15.272
14.350
14.535
13.970
18.873
13.968
19.922
14.443
16.000
14.821
9.180
17.176
15.085
13.745
16.271
14.889
16.213
15.811
11.174
18.604
18.925
16.996
16.356
8.914
15.227
10.253
16.599
13.367
14.214
15.437
12.817
9.812
9.294
10.147
15.903
15.265
15.391
14.622
19.176
16.132

9.876
11.174
10.299
12.936
13.474
9.537
12.116
9.902
9.657
10.134
12.371
10.110
18.986
16.592
13.365
12.756
13.560
15.714
15.301
14.533
13.863
13.836
13.794
13.863
14.516
16.086
15.760
16.115
14.646
14.824
16.391
13.418
12.906
13.155
14.898
14.089
15.074
15.903
13.114
15.079
15.663
14.348
14.127
19.096
11.507
12.747
15.215
14.288
9.959
16.179
13.612
15.285
17.050
13.921
13.472
13.165
14.015
15.293
15.375
15.282
14.778
15.562
16.454
16.137
14.771
15.063
16.351
15.180
16.741
16.015
16.369
16.282
16.269
17.278
17.363
15.556
15.474
16.021
16.312
17.824
16.579
14.438
16.478
16.476
16.269
15.139
15.901
16.105
11.290
19.212
18.302
15.584
14.989
13.788
15.266
9.769
8.174
12.793
16.336
15.640
13.945
15.383
15.851
15.998
14.506
15.360
16.190
16.230
17.388
16.373
14.042
13.042
15.261
16.258
13.644
14.759
15.882
15.373
15.876
16.124
15.932
15.813
15.261
14.347
13.662
15.921
15.420
14.475
17.081
14.759
14.015
19.993
19.993
19.642
10.382
19.961
18.373
16.844
16.478
15.624
15.905
17.455
17.783

8.677
19.993
12.120
18.945
11.885
18.795
11.831
10.843
17.773
19.993
16.353
19.993
19.170
13.348
13.707
19.993
11.408
19.877
19.993
19.993
19.993
11.229
18.267
19.185
11.705
18.769
19.993
19.415
19.075
19.993
9.137
11.399
18.459
19.993
19.993
19.993
19.993
19.993
19.993
19.993
12.099
17.237
19.993
19.093
19.993
19.179
19.993
19.993
19.993
19.993
11.876
19.096
12.271
19.993
19.775
12.283
18.800
19.993
19.477
17.562
19.993
15.622
19.993
10.220
19.993
17.876
18.406
19.993
19.993
10.560
19.993
19.434
19.987
19.993
19.357
19.993
17.191
19.993
14.660
15.994
10.506
10.785
18.783
18.760
19.993
12.273
18.615
19.832
19.993
19.993
19.993
10.414
19.993
12.255
17.246
19.993
19.661
19.206
19.993
17.775
19.993
19.993
9.482
19.993
19.143
19.993
19.137
19.848
18.473
19.993
19.993
19.993
19.993
19.993
19.993
19.993
19.800
19.993
19.993
11.175
19.993
19.104
19.993
19.425
19.604
18.132
18.582
19.993
18.695
17.532
16.386
19.149
17.534
16.898
19.993
19.993
19.345
19.993
18.864
19.993
18.789
17.422
17.019
19.673
16.831
19.993
19.993
19.369
19.993
19.993
11.745
19.993
19.993
11.045
19.993
19.993
11.893
12.584
19.131
10.947
19.113
19.480
19.376
18.644
18.678
18.092
19.570
19.993
15.994

13.970
14.114
16.275
15.965
14.283
12.055
15.936
13.090
14.704
17.467
14.027
9.934
14.068
15.825
16.723
14.406
15.081
14.909
14.905
14.093
15.261
14.757
14.978
12.184
9.883
12.967
13.402
16.065
13.948
14.302
14.686
13.612
13.994
13.599
14.551
17.095
16.004
14.039
12.483
9.983
12.360
14.685
15.257
18.302
17.492
17.324
15.414
14.929
14.417
15.278
12.358
13.320
13.910
13.687
17.136
14.468
12.819
15.266
17.234
15.851
15.541
17.564
13.760
13.551
15.293
14.830
13.431
14.298
11.119
12.325
8.928
10.093
13.364
13.847
15.154
18.321
13.897
14.799
11.336
13.310
14.942
14.468
12.970
13.497
15.523
16.888
16.317
17.635
17.138
16.856
16.175
17.026
10.464
12.283
12.304
11.068
12.918
13.035
13.254
14.683
13.907
13.416
12.375
12.001
9.600
9.139
11.586
10.187
11.998
12.041
14.880
14.629
16.773
17.341
15.400
11.023
13.965
10.407
10.391
12.074
10.770
12.249
11.831
12.832
13.774
13.128
13.579
10.040
10.242
10.511
13.250
13.139
12.057

9.512
8.081
8.937
9.441
8.027
7.063
6.573
6.330
7.181
6.547
7.853
9.149
10.999
8.686
8.735
6.039
8.946
9.651
9.624
9.141
8.007
6.810
8.133
7.201
7.534
10.179
9.778
7.604
7.650
8.250
9.679
9.712
8.554
10.035
10.710
10.087
9.741
8.087
7.329
9.694
10.296
10.803
10.168
9.852
9.761
8.327
10.858
10.164
11.224
8.236
7.130
8.719
11.114
9.976
10.061
10.033
9.631
11.091
10.870
8.162
7.867
8.132
9.867
9.354
10.401
8.258
8.910
9.549
10.138
8.657
6.522
11.083
10.087
10.460
8.829
10.284
12.130
10.117
11.139
10.508
10.919
10.199
10.642
12.180
11.987
11.494
9.916
9.506
10.087
11.856

15.280
10.768
8.868
10.209
6.197
8.644
12.380
15.075
8.026
11.963
8.821
8.531
10.780
11.179
9.464
9.637
7.906
10.055
8.677
6.314
13.186
8.835
12.105
13.681
11.160
13.893
16.310
16.977
10.500
10.011
9.525
16.956
17.569
19.984
13.588
8.982
8.689
17.275
9.647
13.038
18.678
15.234
19.182
15.967
12.545
16.796
15.024
19.508
15.648
18.381
12.722
10.104
9.900
14.375
11.254
14.866
10.233
14.893
13.168
14.163
14.358
12.170
17.996
16.345
15.037
19.993
16.048
10.635
7.558
12.072
9.694
13.849
13.737
9.755
11.195
14.424
12.190
14.428
12.271
11.561
12.267
11.180
17.256
8.132
17.271
16.230
9.481
13.742
11.573
13.390
17.083
10.687
14.462
7.150
12.098
13.748
13.896
9.794
12.097
8.095
12.048
9.970
16.637
17.124
12.931
11.667
10.432
11.275
9.471
8.592
10.607
10.606
11.228
17.479
8.637

8.397
10.313
9.662
6.687
7.768
12.398
10.260
10.712
9.408
7.503
11.516
11.091
11.358
12.072
9.431
9.849
9.472
9.224
11.615
9.273
11.375
7.368
10.825
10.368
10.148
7.072
10.883
16.232
12.738
11.446
11.215
15.740
18.376
10.858
11.843
12.080
10.170
7.678
11.234
14.372
11.575
12.211
12.246
14.229
12.211
13.975
12.033
16.209
14.630
16.096
12.039
14.660
11.522
14.249
13.421
13.453
12.931
13.061
13.480
12.217
11.621
15.990
15.083
14.365
15.790
13.747
11.768
12.844
14.909
13.434
14.216
10.939
12.174
13.994
14.307
14.158
13.523
12.546
15.236
10.645
7.497
11.302
11.652
15.337
11.060
13.832
13.428
12.703
15.752
10.866
10.404
9.316
14.655
11.691
11.981
14.759
8.270
12.427
11.855
12.110
10.412
9.612
8.210
5.323
12.801
12.685
10.726
8.719
16.260
9.296
10.632
10.186

19.993
19.514
19.993
16.166
19.993
12.367
19.284
11.439
19.993
19.376
17.420
13.846
14.212
17.698
19.648
19.993
16.404
19.993
19.993
12.009
17.688
19.993
19.993
19.993
19.993
19.993
11.779
10.895
16.393
17.102
17.804
17.290
14.974
17.403
14.166
17.442
18.450
19.977
19.993
19.993
19.993
18.896
12.039
13.466
19.993
19.993
14.868
15.704
17.744
18.624
14.293
16.785
17.612
13.719
14.841
18.548
19.412
19.993
19.993
19.705
16.445
15.326
18.240
17.469
17.169
14.943
16.798
19.533
12.567
17.564
17.295
18.256
19.993
19.993
17.309
16.325
16.258
17.582
17.278
17.157
19.942
19.993
19.576
18.610
19.977
19.993
19.993
14.290
19.893
19.993
19.993
18.712
18.338
15.266
16.092
15.385
15.505
12.696
15.118
14.283
17.564
17.107
13.690
19.993
16.958
19.990
16.101
18.039
19.993
18.624
19.993
19.993
19.993
19.993
19.993
18.478
19.993
19.993
19.993
15.187
12.821
15.622
17.871
15.498
14.066
18.680
19.492
19.406
19.993
19.281
15.977
19.651
17.031
15.299
14.532
16.118
9.638
17.076
12.000
18.250
18.373
17.512
16.364
14.508
19.810
18.445
14.335
19.993
14.039
17.732
14.873
19.993
11.256
19.275
19.900
9.636
11.435
19.993
19.993
19.993
18.318
14.436
15.886
16.050
15.667
16.275
18.390

11.191
7.821
8.235
10.408
8.945
8.299
8.068
5.686
9.328
9.567
9.768
8.699
8.134
9.370
11.003
12.421
8.778
6.888
8.127
8.396
9.859
9.920
7.782
7.653
8.996
10.729
10.105
14.989
11.772
7.329
8.965
18.321
18.489
14.249
15.744
11.184
8.851
11.993
9.948
7.775
11.152
8.624
11.693
11.588
10.975
11.594
11.950
13.536
12.697
11.887
11.718
13.620
13.833
13.292
10.754
19.523
10.446
14.050
12.603
8.817
7.722
19.993
16.304
15.370
14.623
12.918
14.121
15.161
12.450
7.800
7.467
14.468
11.642
8.727
6.018
8.875
8.746
11.755
16.907
13.425
12.594
11.698
10.174
11.745
10.060
10.301
14.630
17.683
9.762
17.249
17.212
11.769
16.364
13.264
15.740
15.013
18.503
15.764
16.356
15.364
12.085
13.827
11.922
12.924
7.088
15.385
10.156
10.304

12.367
10.143
13.316
16.306
19.993
19.545
12.906
19.993
17.341
17.088
14.204
19.993
10.849
15.109
10.298
11.707
14.412
10.230
18.204
9.296
17.327
19.993
18.542
10.361
18.234
15.624
19.028
19.993
13.594
9.647
12.152
5.898
10.521
11.311
11.013
14.850
11.578
14.622
19.993
14.438
10.306
13.596
17.346
12.390
16.603
15.499
13.878
17.162
14.934
16.113
15.507
16.787
15.127
13.864
11.129
17.050
19.993
12.081
11.640
12.895
17.088
11.797
14.511
14.252
19.514
8.263
18.055
15.938
12.272
8.824
16.914
19.993
18.100
16.919
19.993
7.396
6.393
13.226
13.187
11.450
19.993
14.101
16.678
17.437
6.873
15.050
13.546
14.257
14.969
7.977
19.993
17.920
19.993
19.695
19.993
19.993
6.896
12.722
12.336
8.787
18.878
11.729
19.993
13.316
10.858
11.194
17.886
19.993
19.993
12.529
13.036
16.094
19.974
12.019
19.993
9.892
12.942
19.993
19.993
8.688
19.993
19.993
16.160
11.552
12.893
11.949
12.738
19.661
15.039
13.469
19.993
19.042
19.993
11.667
19.993
17.038
