16.308
15.400
14.441
16.689
16.038
17.534
15.634
15.894
16.764
10.396
13.393
14.140
13.430
14.298
12.903
15.299
14.439
15.150
14.839
14.188
15.665
15.042
15.024
18.565
18.324
15.187
15.221
13.822
15.148
14.837
16.107
14.634
14.136
13.767
10.309
14.421
15.011
15.677
15.691
15.255
16.386
16.235
15.183
14.929
16.505
19.714
16.487
18.261
16.668
16.851
17.353
17.923
13.872
14.019
19.110
15.626
17.378
13.276
15.133
15.624
14.365
16.263
15.533
16.291
16.224
15.884
18.621
17.069
15.776
16.377
18.049
15.687
16.023
18.381
17.884
14.794
15.412
14.367
13.144
12.924
14.010
15.182
15.833
16.340
16.230
16.086
16.863
16.874
14.951
15.811
15.899
13.916
14.744
14.729
15.044
14.335
15.301
13.843
16.141
15.033
16.073
15.100
15.059
15.035
15.855
15.590
14.533
14.573
14.399
16.046
14.357
15.284
14.686
14.520
14.438
13.609
12.984
14.608
15.748
15.663
15.306
15.018
15.927
19.536
19.514
13.460
12.483
13.145
14.072
15.490
14.034
14.692
14.384
14.752
15.612
16.594
13.791
14.692
15.135
14.467
14.821
14.993
11.562
15.503
14.365
9.175
19.993
15.354
13.631
14.105

7.979
9.218
10.526
7.456
5.800
6.704
5.960
5.971
6.300
5.550
5.251
6.475
9.895
17.907
9.794
5.596
6.645
7.174
7.811
9.539
10.049
8.258
9.110
6.601
5.598
5.428
5.511
6.663
8.746
13.300
7.830
10.025
11.971
12.797
11.131
8.337
6.266
6.223
5.946
9.188
13.124
6.105
5.789
5.203
6.248
7.422
5.838
9.475
15.985
9.754
6.893
8.938
10.950
10.677
10.731
9.725
12.067
12.159
6.589
5.460
6.298
6.074
5.341
5.192
4.900
4.356
3.984
3.442
4.269

16.759
10.787
8.967
6.724
8.776
8.844
7.551
7.903
8.800
7.255
7.049
5.803
14.528
10.653
5.719
9.104
7.240
5.816
5.990
6.556
7.529
7.884
7.983
7.176
7.638
6.933
7.391
8.890
7.609
8.275
6.805
7.188
7.375
6.933
6.562
10.189
10.519
7.660
10.677
9.125
7.599
8.150
9.015
12.796
17.210
12.978
10.267
16.207
12.490
7.502
6.741
7.761
6.819
7.031
6.956
6.615
5.640
6.121
6.861
6.707
7.446
9.756
9.793
18.500
19.164
10.642
7.890
7.284
10.057
8.464
8.486
6.543
8.084
8.498
7.120
7.551
6.002
9.698
7.740
8.354

11.556
16.128
14.053
14.656
12.330
13.948
18.135
13.708
14.456
18.812
11.650
19.993
12.710
8.567
17.050
12.282
12.457
12.110
13.257
14.782
14.406
14.308
10.397
11.928
11.333
19.993
19.048
19.993
14.583
16.603
14.789
15.329
15.127
15.958
12.746
19.993
19.069
16.902
18.986
17.587
16.323
17.131
16.439
15.462
12.518
13.107
13.328
14.106
14.201
11.612
14.105
15.529
16.054
14.116
19.993
19.993
15.614
14.794
17.334
17.090
16.327
16.207
17.589
14.587
9.617
19.614
16.549
12.262
10.686
13.060
12.735
12.212
19.465
16.010
15.494
16.432
13.620
13.910
12.965
15.326
15.301
14.692
13.362
12.555
13.575
12.531
8.524
6.610
6.680
9.548
12.730
14.850
12.738
14.692
13.661
16.218
15.168
16.725
16.094
16.831
15.278
15.654
15.074
16.002
15.318
15.488
16.547
13.857
13.776
15.687
16.639
15.295
14.940
14.819
17.532
16.785
15.092
11.767
19.993
14.206
7.486
8.258
11.481
11.624
10.239
10.119
12.372
16.608
13.918
14.374
14.750
13.730
17.425
16.605
17.405
14.472
14.864
13.893

13.146
6.537
11.240
16.746
12.755
11.241
16.958
19.935
9.927
16.319
19.239
19.993
17.167
11.578
10.537
19.502
15.994
17.989
7.658
14.683
12.588
10.292
13.503
15.983
19.993
16.399
18.503
11.096
18.735
11.789
13.984
16.073
16.198
18.302
19.303
16.673
17.660
19.140
14.880
18.835
18.108
18.259
15.940
14.821
12.651
18.327
18.426
19.993
18.362
13.941
18.752
14.265
13.919
16.680
15.306
12.655
10.221
12.316
12.901
12.899
14.525
18.841
19.752
17.217
16.209
16.709
16.404
16.275
19.648
18.526
15.274
11.884
12.690
17.788
14.608
18.226
15.884
18.365
17.913
18.700
14.527
19.984
19.993
10.089
11.123
14.184
14.409
11.407
16.556
17.650
19.993
19.916
14.441
16.304
14.819
16.933
15.232
19.993
6.330
9.180
18.579
12.796
17.750
14.690
13.260
13.367
17.285
19.993
9.473
7.488
9.938
19.993
19.224
19.385
19.293
15.829
18.803
9.244
15.954
17.193
17.309
19.993
17.595
18.913
17.196
17.212
17.271
16.601
13.807
12.845
18.512
19.993
16.567
15.242
15.566
16.015
16.291
16.492
16.046
19.116
12.433
19.993
16.532
16.151
17.003
18.223
15.268
19.871

13.018
18.598
15.395
14.721
13.416
13.475
13.972
12.503
13.913
13.381
14.257
13.330
13.383
13.362
13.039
13.342
12.760
13.509
14.564
12.797
12.446
13.600
13.027
14.224
15.015
15.451
15.272
15.558
17.850
19.756
14.540
14.445
13.855
14.864
14.627
14.528
13.483
13.457
14.196
14.869
15.308
15.410
15.168
15.383
15.157
14.902
14.472
15.519
16.434
16.664
17.385
15.833
14.087
14.900
14.542
15.545
16.284
15.969
15.523
12.773
16.610
15.963
16.576
17.393
13.765
14.250
14.280
13.521
12.808
13.455
12.020
13.475
13.708
12.954
14.615
16.254
12.585
13.233
16.762
14.602
14.035
14.942
12.198
13.527
16.596
15.677
16.044
18.646
15.182
14.663
15.961
14.401
13.491
12.568
13.652
14.577
14.434
15.482
15.543
19.520
15.784
19.909
19.993
17.602
17.517
19.993
19.993
17.785
16.284
17.098
14.489
13.267
12.781
15.441
17.086
16.252
13.088
12.207
13.430
14.866
14.042
15.398
15.772
13.869
13.684
11.973
16.534
16.271
17.615
12.748
10.589
17.172
15.018
16.399
16.401
15.064
16.445
13.747
14.353
12.759
13.457
15.174
12.648
14.923
14.337
14.875

11.037
4.850
9.388
9.477
4.200
4.963
8.462
7.671
5.432
4.418
5.359
4.826
8.390
9.534
4.503
4.330
4.923
4.681
4.360
4.187
9.070
9.433
4.052
4.571
4.563
4.309
4.522
9.034
10.670
8.279
11.905
4.430
4.820
4.830
4.324
9.556
8.356
4.439
7.682
9.918
4.356
4.490
9.862
9.906
4.456
4.098
4.254
5.334
9.061
10.317
4.846
3.856
8.107
10.262
3.775
4.347

19.993
19.993
19.993
11.146
19.993
11.839
18.459
15.979
10.329
19.051
19.740
19.993
19.993
19.993
19.993
12.262
13.313
19.993
19.993
11.432
12.116
19.351
19.993
11.899
13.123
19.993
8.991
15.790
17.169
10.509
19.993
11.664
16.461
18.887
19.775
12.824
19.951
18.520
12.864
11.509
19.993
18.635
19.993
17.440
19.993
11.066
11.418
16.655
18.007
16.059
18.332
19.993
19.993
18.596
10.472
19.880
12.603
19.993
11.838
18.896
19.993
19.993
19.993
11.778
19.449
19.993
11.872
19.775
19.993
19.993
19.993
19.993
19.993
10.791
17.905
18.757
17.393
19.330
19.958
19.993
8.939
18.545
18.752
17.755
19.993
11.509
18.729
19.993
16.689
19.993
19.993
19.993
19.993
19.993
19.993
19.993
19.993
11.996
19.993
9.732
9.956
17.569
15.800
17.258
11.534
11.981
19.993
8.516
13.444
19.993
19.993
19.993
11.798
14.479
19.993
19.993
12.832
13.403
19.623
11.590
19.993
16.619
18.335
18.644
19.449
18.573
18.250
19.993
17.709
14.873
11.867
18.587
12.371
9.389
13.653
19.149
19.203
19.495
18.302
19.993
19.993
19.993
19.993
13.566
18.568
19.993
19.993
19.993
11.822
19.993
19.993
13.389
16.408
19.993
12.336
9.718
18.590
19.993
19.993

14.549
16.190
13.109
13.462
15.523
16.090
13.540
15.217
13.046
15.453
13.905
14.126
14.367
13.351
13.629
13.213
13.968
14.509
14.622
15.176
15.827
14.470
15.050
14.008
14.951
13.391
14.623
16.570
14.753
16.496
16.029
14.554
15.772
15.762
16.151
13.667
14.140
15.011
16.232
14.217
13.956
13.090
13.383
14.480
15.308
15.447
15.821
16.143
15.468
17.176
14.848
14.497
15.878
16.312
15.412
13.999
15.720
14.520
14.409
13.224
15.466
14.848
14.320
15.610
15.142
14.938
13.355
14.433
14.399
14.723
14.390
16.038
15.063
14.312
15.426
14.426
15.460
14.118
14.458
15.289
16.428
16.483
16.395
14.789
16.655
13.620
12.768
13.499
15.306
14.688
16.166
15.507
15.005
13.593
17.179
17.509
17.487
16.461
17.100
16.721
15.811
15.720
16.603
14.933
14.119
15.618
15.971
16.017
15.249
14.980
17.549
16.297
17.915
14.744
14.066
16.721
13.472
12.876
15.185
12.816
11.046
13.364
13.533
14.352
13.852
13.329
15.433
13.440
15.776
14.984
14.240
13.620
16.035
16.847
14.059
16.518
16.909
14.824
14.732
14.934
14.212
15.732
17.052
15.740
16.856
15.940
14.592

10.666
9.611
9.398
7.223
7.657
10.076
10.802
8.765
8.854
8.935
9.644
9.711
9.009
7.693
8.870
8.015
8.511
7.766
7.640
8.159
8.753
9.354
7.475
7.607
8.682
8.219
9.247
11.553
9.825
8.791
9.146
9.779
9.630
8.950
7.914
7.338
9.660
9.357
10.218
8.635
8.379
7.613
7.093
7.896
7.404
7.926
8.435
10.174
7.694
8.289
8.438
7.149
6.871
7.472
7.381
7.731
8.520
8.111
8.358
8.003
7.087
8.545
8.732
10.151
9.908
6.943
11.508
11.088
8.365
10.181
11.771
16.120
9.966
9.920
10.879
9.745
6.162
10.787
12.967
13.659
8.446
8.994
6.139
9.845
12.724
12.143
6.809

8.222
19.993
19.215
13.204
9.932
6.598
12.991
15.248
12.176
10.283
12.481
12.293
10.842
12.908
9.590
12.329
16.088
12.800
9.311
14.379
14.037
12.400
11.015
9.131
12.903
10.000
9.798
9.320
9.749
8.787
18.132
13.332
10.500
13.142
9.504
10.695
10.581
11.131
9.152
12.445
10.901
12.503
11.646
12.939
19.993
12.295
19.916
19.296
17.691
12.525
11.635
18.712
13.713
13.249
14.323
14.433
11.939
12.886
11.118
12.912
12.318
10.898
9.088
10.455
11.807
16.951
7.199
19.993
10.905
12.115
9.429
9.608
10.978
11.530
12.487
12.503
10.198
10.253
11.830
13.685
10.029
9.233
10.353
10.397
10.732
11.214
13.281
12.205
8.996
7.105
14.618
8.821
12.021
18.873
9.047
10.456
11.400
19.993
19.993
18.786
10.820
13.889
9.948
11.186
9.815
11.344
10.938
8.230
8.832
11.831
9.943
13.623
16.351
11.054
10.015

14.686
13.609
17.711
13.813
13.438
12.610
12.373
13.223
13.625
14.064
17.086
14.224
13.368
14.048
15.498
14.239
15.531
14.005
13.088
13.740
15.261
14.229
17.275
14.158
15.971
14.027
14.927
13.269
13.505
13.496
12.049
13.871
13.548
14.092
15.443
13.210
14.417
14.783
15.697
18.838
16.267
16.077
18.523
19.993
19.296
15.642
14.297
14.599
13.168
13.109
12.872
15.397
15.661
15.923
15.303
14.397
14.753
13.894
13.757
12.114
13.194
19.342
19.993
17.069
13.776
16.183
16.459
14.604
16.817
10.634
15.431
15.131
15.381
19.465
16.689
16.205
16.769
14.980
16.954
16.678
15.389
15.163
15.927
13.538
12.899
16.080
16.200
14.549
15.185
15.480
14.300
14.755
14.590
14.864
14.860
15.441
14.956
16.576
13.883
19.993
15.708
17.102
13.736
17.648
14.672
14.744
13.292
13.548
16.509
15.229
10.881
12.207
16.284
13.236
13.957
14.079
15.752
16.798
17.229
15.242
15.322
14.034
14.821
12.932
15.843
14.322
14.063
14.568
15.180
17.464
16.417
16.273
16.463
15.272
19.993
16.284
17.410
16.088
16.107
15.948
15.455
15.200
14.741
14.862
15.441
15.675
14.472
16.700

19.227
7.540
19.993
14.539
14.956
19.993
19.993
16.299
11.902
10.864
14.936
19.360
19.893
14.487
11.176
16.077
13.520
15.268
15.800
16.228
17.739
11.607
12.797
14.121
13.154
16.351
17.241
15.750
10.108
9.849
14.152
13.010
17.534
9.820
9.009
15.948
11.790
13.905
17.457
16.527
16.909
17.036
15.270
12.659
17.376
11.196
10.956
16.543
14.048
16.327
11.216
10.242
14.027
17.642
19.993
17.041
13.463
19.993
13.779
7.687
8.886
16.023
16.898
19.993
17.954
19.794
19.993
14.575
16.805
16.755
16.143
19.993
10.431
9.313
14.293
12.563
16.730
19.990
12.422
12.487
15.172
17.905
6.242
11.430
19.993
18.951
15.897
16.958
15.263
8.135
16.044
11.913
18.832
19.993
15.805
17.729
15.952
16.492
15.819
19.993
19.203
14.938
11.946
15.026
14.835
17.973
17.012
14.298
14.971
18.412
14.830
12.706
10.331
19.993
18.145
16.109
15.790
19.993
19.993
18.108
17.388
18.500
19.993
19.993
17.155
19.993
19.993
19.993
19.561
19.993
19.993
17.721
18.026
12.235
19.993
19.993
12.326
16.919
10.683
19.730
14.669
19.993
14.559
12.105
11.210
17.472

17.341
11.520
18.215
12.393
13.540
11.784
11.075
10.650
18.159
12.781
16.373
12.325
19.084
19.993
15.335
10.370
15.215
19.727
19.993
12.361
10.123
10.197
8.913
9.126
11.526
9.556
11.474
9.259
12.015
12.864
11.219
8.087
10.011
9.077
9.355
14.677
16.454
15.373
14.272
9.289
13.169
14.460
13.638
8.679
10.787
11.202
14.933
17.610
12.642
14.472
17.164
11.062
12.977
16.071
19.677
19.993
19.406
13.919
15.120
16.474
12.787
17.529
12.158
19.993
15.732
10.099
19.633
12.634
19.823
14.769
8.056
11.952
9.462
10.697
9.525
11.664
7.649
12.832
12.812
13.032
18.178
11.662
13.177
16.587
16.993
10.310
18.663
12.415
19.993
19.993
18.288
19.579
11.091
18.278
18.087
14.463
17.539
16.655
19.993
11.797
19.993
19.964
19.471
19.993
19.993
12.415
18.780
12.012
17.300
18.783
15.127
19.993
17.931
18.071
19.327
11.168
18.775
18.031
13.883
19.993
16.301
13.103
15.853
18.652
12.952
10.439
11.670
12.931
14.118
11.157
15.005
10.040
15.602
11.425

19.558
15.677
16.610
17.368
17.088
12.361
15.289
18.752
17.752
13.538
14.285
16.130
14.137
14.862
14.076
17.822
14.699
16.487
11.921
9.298
12.988
13.270
14.713
15.100
10.751
9.679
11.228
12.658
9.245
11.851
14.672
8.340
10.107
15.851
9.517
9.320
9.728
8.884
12.851
8.049
8.690
12.283
8.342
11.251
9.661
13.932
11.809
9.669
6.810
8.566
12.651
11.156
6.194
7.002
10.744
11.872
8.766
6.305
7.465
6.835
6.849
10.516
18.717
12.436
9.505
13.346
19.993
9.874
10.749
7.566
11.386
11.615
11.336
6.909
10.718
9.683
9.705
10.227
11.485
8.049
18.604
10.820
11.942
9.824
10.370
11.566
11.200
12.875
12.662
17.783
19.993
9.516
9.923
8.814
11.702
12.612
8.701
9.635
12.577
14.332
9.734
11.505
19.993
9.686
12.306
14.533
12.090
12.046
10.859

19.054
18.026
19.993
17.351
14.683
15.379
19.113
19.993
19.993
16.505
15.988
18.829
13.728
17.215
14.092
14.259
14.477
13.121
15.146
15.249
14.250
16.340
16.895
15.242
17.706
15.888
19.437
19.993
19.993
15.521
15.576
18.615
19.855
19.400
19.993
19.526
19.993
19.633
19.993
19.993
19.468
18.523
19.993
17.994
19.993
19.993
12.493
17.822
18.951
8.819
11.891
11.528
14.421
14.194
19.993
18.148
18.321
19.974
19.759
19.278
17.388
19.025
19.993
19.689
18.028
17.455
19.045
18.876
16.103
16.483
16.364
16.356
15.308
19.551
16.608
17.579
19.743
19.993
11.361
9.691
13.765
16.678
16.478
18.351
19.990
19.480
19.993
11.805
18.242
19.990
13.716
17.627
18.720
17.879
16.644
18.624
19.993
19.993
19.993
19.651
17.871
19.993
19.492
18.143
19.993
17.762
17.884
17.577
16.592
14.085
19.993
18.506
16.200
16.412
18.459
19.993
17.981
18.376
16.762
17.329
17.686
19.993
16.284
16.844
15.604
16.993
18.420
18.548
19.025
16.188
19.993
19.446
19.993
19.737
14.891
14.819
19.051
15.356
14.428
19.993
19.993
19.993
19.993
12.042
19.993
19.737
18.587
19.993
19.993
19.993
12.548
15.598
18.899
19.993
11.735
18.598
19.699
19.993
19.993
19.993
19.028
18.278
15.700
14.247
16.481
14.577
16.835
19.197
18.010
15.855
